2012.06.16 (168) 09:37:41.000
Station name: Zhong Shan
URSI code: ZS36R
Ionosonde model: DPS-4D
  Freq  Range Pol MPA Amp Doppler    Az    Zn  PGH
 1.550  110.0  90  33  54  -0.781   0.0   0.0  109
 1.650  112.5  90  33  57  -0.781   0.0   0.0  112
 1.650  115.0  90  33  54   0.781   0.0   0.0  112
 1.750  110.0  90  30  57   0.781   0.0   0.0  109
 1.750  112.5  90  30  51   0.781  90.0  30.0  110
 1.750  110.0 -90  30  54   0.781 150.0  30.0  109
 1.750  112.5 -90  30  51   0.781  30.0  30.0  111
 2.050  112.5  90  30  51   0.781   0.0   0.0  111
 2.050  117.5  90  30  51   0.781   0.0   0.0  115
 2.050  120.0  90  30  51   0.781   0.0   0.0  118
 2.050  147.5  90  30  51   0.781 210.0  30.0  145
 2.050  150.0  90  30  51   0.781 210.0  30.0  146
 2.050  112.5 -90  30  54   0.781  30.0  30.0  111
 2.050  117.5 -90  30  51   0.781  90.0  30.0  115
 2.050  122.5 -90  30  51   0.781  90.0  30.0  120
 2.100  110.0  90  33  54   0.781   0.0   0.0  109
 2.100  115.0  90  33  54   0.781   0.0   0.0  114
 2.100  110.0 -90  33  54   0.781  30.0  30.0  108
 2.150  115.0  90  30  51   0.781   0.0   0.0  114
 2.150  140.0  90  30  51   0.781 210.0  30.0  137
 2.150  112.5 -90  30  51   0.781  30.0  30.0  110
 2.150  115.0 -90  30  54   0.781 210.0  30.0  113
 2.200  115.0  90  30  51   0.781   0.0   0.0  113
 2.200  115.0 -90  30  51   0.781  90.0  30.0  114
 2.250  117.5  90  30  51   0.781   0.0   0.0  116
 2.250  117.5 -90  27  51   0.781 210.0  30.0  115
 2.250  122.5 -90  27  48   0.781  90.0  30.0  121
 2.300  117.5  90  30  51   0.781 270.0  30.0  117
 2.300  120.0  90  30  54   0.781   0.0   0.0  118
 2.300  117.5 -90  30  51   0.781  30.0  30.0  118
 2.300  120.0 -90  30  54   0.781  30.0  30.0  118
 2.350  112.5  90  30  51   0.781   0.0   0.0  111
 2.350  117.5  90  30  51   0.781   0.0   0.0  117
 2.350  120.0  90  30  57   0.781   0.0   0.0  118
 2.350  125.0  90  30  51   0.781 330.0  30.0  123
 2.350  142.5  90  30  51   0.781   0.0   0.0  140
 2.350  115.0 -90  30  51   0.781  30.0  30.0  113
 2.350  117.5 -90  30  51   0.781  30.0  30.0  118
 2.350  120.0 -90  30  57   0.781  30.0  30.0  118
 2.350  125.0 -90  30  51   0.781  30.0  30.0  123
 2.400  115.0  90  30  54   0.781 330.0  30.0  113
 2.400  117.5  90  30  57   0.781 330.0  30.0  116
 2.400  122.5  90  30  54   0.781   0.0   0.0  120
 2.400  125.0  90  30  51   0.781 330.0  30.0  123
 2.400  115.0 -90  30  54   0.781  30.0  30.0  114
 2.400  117.5 -90  30  54   0.781  30.0  30.0  116
 2.400  122.5 -90  30  54   0.781  30.0  30.0  121
 2.450  117.5  90  30  60   0.781 330.0  30.0  106
 2.450  120.0  90  30  54   0.781 330.0  30.0  107
 2.450  122.5  90  30  54   0.781   0.0   0.0  110
 2.450  125.0  90  30  51  -0.781 330.0  30.0  112
 2.450  132.5  90  30  51   0.781   0.0   0.0  123
 2.450  135.0  90  30  51   0.781   0.0   0.0  125
 2.450  137.5  90  30  57   0.781   0.0   0.0  126
 2.450  140.0  90  30  54   0.781   0.0   0.0  129
 2.450  142.5  90  30  57   0.781   0.0   0.0  131
 2.450  145.0  90  30  54   0.781   0.0   0.0  136
 2.450  147.5  90  30  54   0.781   0.0   0.0  139
 2.450  152.5  90  30  51   0.781   0.0   0.0  138
 2.450  117.5 -90  27  48   0.781  30.0  30.0  106
 2.550  137.5  90  30  51   0.781   0.0   0.0  136
 2.550  132.5 -90  27  48   0.781  30.0  30.0  131
 2.600  127.5  90  27  54   0.781   0.0   0.0  126
 2.600  135.0  90  27  51   0.781   0.0   0.0  133
 2.600  140.0  90  27  48   0.781   0.0   0.0  138
 2.600  142.5  90  27  51   0.781   0.0   0.0  141
 2.600  145.0  90  27  48   0.781   0.0   0.0  144
 2.600  142.5 -90  27  48   0.781  30.0  30.0  141
 2.650  125.0  90  30  57   0.781   0.0   0.0  124
 2.650  127.5  90  30  57   0.781   0.0   0.0  125
 2.650  130.0  90  30  51   0.781   0.0   0.0  130
 2.650  132.5  90  30  51   0.781   0.0   0.0  131
 2.650  135.0  90  30  54   0.781   0.0   0.0  135
 2.650  137.5  90  30  54   0.781   0.0   0.0  136
 2.650  140.0  90  30  51   0.781   0.0   0.0  139
 2.650  125.0 -90  27  48   0.781  30.0  30.0  125
 2.650  127.5 -90  27  48   0.781  30.0  30.0  125
 2.650  137.5 -90  27  48   0.781  30.0  30.0  136
 2.700  125.0  90  30  51   0.781   0.0   0.0  125
 2.700  127.5  90  30  51   0.781   0.0   0.0  128
 2.700  130.0  90  30  54   0.781   0.0   0.0  128
 2.700  137.5  90  30  57   0.781   0.0   0.0  136
 2.700  140.0  90  30  54   0.781   0.0   0.0  139
 2.700  142.5  90  30  51   0.781   0.0   0.0  141
 2.700  240.0  90  30  51   0.781   0.0   0.0  238
 2.700  130.0 -90  27  48   0.781  90.0  30.0  127
 2.700  137.5 -90  27  48   0.781  30.0  30.0  136
 2.750  127.5  90  30  54  -0.781   0.0   0.0  127
 2.750  130.0  90  30  51   0.781   0.0   0.0  128
 2.750  140.0  90  30  51   0.781   0.0   0.0  140
 2.750  245.0  90  30  51   0.781 150.0  30.0  244
 2.800  125.0  90  30  51   0.781   0.0   0.0  125
 2.800  127.5  90  30  51   0.781   0.0   0.0  124
 2.800  235.0  90  30  51   0.781   0.0   0.0  234
 2.800  237.5  90  30  54   0.781   0.0   0.0  235
 2.800  250.0  90  30  51   0.781 150.0  30.0  248
 2.800  237.5 -90  30  51   0.781  90.0  30.0  235
 2.850  127.5  90  27  54   0.781   0.0   0.0  125
 2.850  235.0  90  27  54   0.781   0.0   0.0  233
 2.850  237.5  90  27  48   0.781   0.0   0.0  233
 2.850  240.0  90  27  54   0.781   0.0   0.0  238
 2.850  242.5  90  27  51   0.781   0.0   0.0  240
 2.850  247.5  90  27  48   0.781 210.0  30.0  245
 2.850  127.5 -90  27  48   0.781  30.0  30.0  125
 2.850  235.0 -90  27  51   0.781  90.0  30.0  232
 2.850  237.5 -90  27  48   0.781  30.0  30.0  233
 2.850  240.0 -90  27  48   0.781  30.0  30.0  238
 2.850  242.5 -90  27  48   0.781  30.0  30.0  239
 2.900  127.5  90  27  51   0.781   0.0   0.0  125
 2.900  232.5  90  27  48   0.781   0.0   0.0  232
 2.900  235.0  90  27  54   0.781   0.0   0.0  232
 2.900  242.5  90  27  51   0.781   0.0   0.0  240
 2.900  127.5 -90  27  48   0.781  30.0  30.0  125
 2.900  235.0 -90  27  54   0.781  90.0  30.0  232
 2.900  242.5 -90  27  48   0.781  90.0  30.0  239
 2.950  240.0  90  30  54   0.781   0.0   0.0  239
 2.950  245.0  90  30  51   0.781 150.0  30.0  243
 2.950  235.0 -90  27  48   0.781  90.0  30.0  233
 2.950  240.0 -90  27  51   0.781  30.0  30.0  239
 2.950  245.0 -90  27  48   0.781  90.0  30.0  243
 3.000  235.0  90  30  51   0.781   0.0   0.0  233
 3.050  232.5  90  30  57   0.781   0.0   0.0  232
 3.050  235.0  90  30  57   0.781   0.0   0.0  233
 3.050  237.5  90  30  51   0.781   0.0   0.0  237
 3.050  240.0  90  30  57   0.781   0.0   0.0  237
 3.050  247.5  90  30  51   0.781 150.0  30.0  246
 3.050  232.5 -90  30  57   0.781  30.0  30.0  232
 3.050  235.0 -90  30  57   0.781  30.0  30.0  233
 3.050  237.5 -90  30  51   0.781  30.0  30.0  235
 3.050  240.0 -90  30  54   0.781  30.0  30.0  237
 3.100  230.0  90  30  51   0.781   0.0   0.0  230
 3.100  235.0  90  30  57   0.781   0.0   0.0  233
 3.100  242.5  90  30  54   0.781   0.0   0.0  241
 3.100  280.0  90  30  51   0.781 330.0  30.0  278
 3.100  282.5  90  30  51   0.781 330.0  30.0  280
 3.100  235.0 -90  30  54   0.781  90.0  30.0  233
 3.100  242.5 -90  30  51   0.781  30.0  30.0  241
 3.150  230.0  90  27  51   0.781   0.0   0.0  230
 3.150  232.5  90  27  57   0.781   0.0   0.0  231
 3.150  235.0  90  27  54   0.781   0.0   0.0  234
 3.150  237.5  90  27  51   0.781 150.0  30.0  235
 3.150  242.5  90  27  54   0.781   0.0   0.0  241
 3.150  245.0  90  27  54   0.781 150.0  30.0  243
 3.150  247.5  90  27  48   0.781 150.0  30.0  245
 3.150  250.0  90  27  48   0.781 150.0  30.0  248
 3.150  230.0 -90  27  51   0.781  90.0  30.0  230
 3.150  232.5 -90  27  54   0.781  30.0  30.0  231
 3.150  235.0 -90  27  54   0.781  30.0  30.0  234
 3.150  237.5 -90  27  51   0.781  30.0  30.0  235
 3.150  242.5 -90  27  51   0.781  30.0  30.0  241
 3.150  245.0 -90  27  51   0.781  30.0  30.0  243
 3.150  247.5 -90  27  48   0.781  90.0  30.0  245
 3.200  232.5  90  30  51   0.781   0.0   0.0  233
 3.200  235.0  90  30  57   0.781   0.0   0.0  233
 3.200  240.0  90  30  51   0.781   0.0   0.0  240
 3.200  277.5  90  30  51   0.781 330.0  30.0  276
 3.200  232.5 -90  30  51   0.781  90.0  30.0  231
 3.200  235.0 -90  30  54   0.781  90.0  30.0  233
 3.200  240.0 -90  30  51   0.781  30.0  30.0  239
 3.250  232.5  90  30  57   0.781   0.0   0.0  232
 3.250  232.5 -90  30  57   0.781  90.0  30.0  231
 3.300  232.5  90  30  51   0.781   0.0   0.0  232
 3.300  235.0  90  30  51   0.781 150.0  30.0  235
 3.300  237.5  90  30  54   0.781 150.0  30.0  236
 3.300  275.0  90  30  54   0.781 330.0  30.0  273
 3.300  277.5  90  30  54   0.781 330.0  30.0  276
 3.300  232.5 -90  30  51   0.781  90.0  30.0  231
 3.300  237.5 -90  30  54   0.781  90.0  30.0  236
 3.350  232.5  90  30  51   0.781   0.0   0.0  233
 3.350  235.0  90  30  57   0.781   0.0   0.0  233
 3.350  237.5  90  30  51   0.781   0.0   0.0  236
 3.350  275.0  90  30  54   0.781 270.0  30.0  273
 3.350  277.5  90  30  51   0.781 330.0  30.0  276
 3.350  232.5 -90  30  54   0.781  90.0  30.0  234
 3.350  235.0 -90  30  63   0.781  90.0  30.0  233
 3.350  237.5 -90  30  54   0.781  90.0  30.0  236
 3.400  232.5  90  30  51   0.781   0.0   0.0  231
 3.400  235.0  90  30  54   0.781   0.0   0.0  236
 3.400  237.5  90  30  60   0.781   0.0   0.0  236
 3.400  272.5  90  30  54   0.781 330.0  30.0  271
 3.400  277.5  90  30  51   0.781 270.0  30.0  276
 3.400  232.5 -90  30  51   0.781  90.0  30.0  231
 3.400  235.0 -90  30  54   0.781  90.0  30.0  235
 3.400  237.5 -90  30  60   0.781  90.0  30.0  236
 3.400  240.0 -90  30  51   0.781  90.0  30.0  238
 3.450  237.5  90  30  54  -0.781   0.0   0.0  238
 3.450  240.0  90  30  57   0.781   0.0   0.0  239
 3.450  275.0  90  30  51   0.781 330.0  30.0  273
 3.450  235.0 -90  30  51   0.781  90.0  30.0  233
 3.450  237.5 -90  30  54  -0.781  90.0  30.0  237
 3.450  240.0 -90  30  57   0.781  90.0  30.0  239
 3.500  237.5  90  30  57   0.781   0.0   0.0  237
 3.500  272.5  90  30  54   0.781 270.0  30.0  271
 3.500  237.5 -90  30  57   0.781  90.0  30.0  237
 3.500  240.0 -90  30  54   0.781  90.0  30.0  238
 3.550  232.5  90  30  54   0.781   0.0   0.0  232
 3.550  235.0  90  30  57   0.781   0.0   0.0  233
 3.550  237.5  90  30  57   0.781   0.0   0.0  236
 3.550  240.0  90  30  51  -0.781   0.0   0.0  239
 3.550  272.5  90  30  54   0.781 270.0  30.0  271
 3.550  232.5 -90  30  54   0.781  90.0  30.0  232
 3.550  235.0 -90  30  60   0.781  90.0  30.0  233
 3.550  237.5 -90  30  57   0.781  90.0  30.0  236
 3.550  240.0 -90  30  51  -0.781  90.0  30.0  239
 3.600  237.5  90  30  57   0.781   0.0   0.0  236
 3.600  272.5  90  30  57   0.781 270.0  30.0  271
 3.600  237.5 -90  30  57   0.781  90.0  30.0  236
 3.650  237.5  90  30  57   0.781   0.0   0.0  237
 3.650  240.0  90  30  54   0.781   0.0   0.0  238
 3.650  242.5  90  30  57   0.781   0.0   0.0  241
 3.650  270.0  90  30  51   0.781 270.0  30.0  268
 3.650  272.5  90  30  57   0.781 270.0  30.0  271
 3.650  237.5 -90  27  54   0.781  90.0  30.0  237
 3.650  240.0 -90  27  54   0.781  90.0  30.0  238
 3.650  242.5 -90  27  54   0.781  90.0  30.0  242
 3.650  272.5 -90  27  51   0.781  30.0  30.0  271
 3.700  235.0  90  30  60   0.781   0.0   0.0  234
 3.700  237.5  90  30  54   0.781   0.0   0.0  235
 3.700  240.0  90  30  57   0.781   0.0   0.0  240
 3.700  242.5  90  30  57   0.781   0.0   0.0  241
 3.700  270.0  90  30  54   0.781 270.0  30.0  268
 3.700  272.5  90  30  54   0.781 330.0  30.0  271
 3.700  235.0 -90  30  57   0.781  90.0  30.0  234
 3.700  237.5 -90  30  54   0.781  90.0  30.0  236
 3.700  240.0 -90  30  54   0.781  90.0  30.0  239
 3.700  242.5 -90  30  54   0.781  90.0  30.0  241
 3.750  237.5  90  30  57   0.781   0.0   0.0  237
 3.750  240.0  90  30  51   0.781   0.0   0.0  239
 3.750  242.5  90  30  54   0.781   0.0   0.0  241
 3.750  270.0  90  30  54   0.781 270.0  30.0  268
 3.750  237.5 -90  30  51   0.781  90.0  30.0  237
 3.750  240.0 -90  30  54   0.781  90.0  30.0  239
 3.750  242.5 -90  30  57   0.781  90.0  30.0  241
 3.800  235.0  90  30  51   0.781   0.0   0.0  235
 3.800  237.5  90  30  57   0.781   0.0   0.0  236
 3.800  240.0  90  30  57  -0.781   0.0   0.0  239
 3.800  270.0  90  30  57   0.781 270.0  30.0  268
 3.800  237.5 -90  30  51   0.781  90.0  30.0  236
 3.800  240.0 -90  30  51   0.781  90.0  30.0  239
 3.850  242.5  90  30  51  -0.781 150.0  30.0  243
 3.850  245.0  90  30  51  -0.781  90.0  30.0  244
 3.850  247.5  90  30  51   0.781   0.0   0.0  246
 3.850  270.0  90  30  51   0.781 270.0  30.0  268
 3.850  237.5 -90  27  48   0.781  90.0  30.0  237
 3.850  247.5 -90  27  48   0.781  90.0  30.0  246
 3.850  270.0 -90  27  48   0.781  30.0  30.0  268
 3.900  237.5  90  30  57   0.781   0.0   0.0  237
 3.900  240.0  90  30  54   0.781   0.0   0.0  237
 3.900  242.5  90  30  57   0.781   0.0   0.0  242
 3.900  245.0  90  30  51  -0.781 150.0  30.0  245
 3.900  270.0  90  30  51   0.781 330.0  30.0  269
 3.900  237.5 -90  30  51   0.781  90.0  30.0  237
 3.900  242.5 -90  30  54  -0.781  90.0  30.0  242
 3.950  240.0  90  30  60   0.781   0.0   0.0  240
 3.950  242.5  90  30  54   0.781   0.0   0.0  241
 3.950  245.0  90  30  54  -0.781   0.0   0.0  244
 3.950  247.5  90  30  51   0.781   0.0   0.0  247
 3.950  267.5  90  30  51   0.781 270.0  30.0  268
 3.950  270.0  90  30  63   0.781 270.0  30.0  268
 3.950  240.0 -90  27  54   0.781  90.0  30.0  240
 3.950  242.5 -90  27  51   0.781  90.0  30.0  240
 3.950  245.0 -90  27  48   0.781  90.0  30.0  244
 3.950  270.0 -90  27  51   0.781  30.0  30.0  268
 4.000  237.5  90  30  54   0.781   0.0   0.0  237
 4.000  240.0  90  30  51   0.781   0.0   0.0  238
 4.000  242.5  90  30  51  -0.781   0.0   0.0  242
 4.000  245.0  90  30  51   0.781   0.0   0.0  245
 4.000  250.0  90  30  51   0.781   0.0   0.0  248
 4.000  270.0  90  30  54   0.781 330.0  30.0  269
 4.000  237.5 -90  27  48   0.781  90.0  30.0  237
 4.000  267.5 -90  27  48   2.344 150.0  30.0  264
 4.050  240.0  90  30  54   0.781   0.0   0.0  239
 4.050  242.5  90  30  54  -0.781   0.0   0.0  242
 4.050  267.5  90  30  54   0.781 270.0  30.0  268
 4.050  270.0  90  30  60   0.781 270.0  30.0  268
 4.050  240.0 -90  27  51   0.781  90.0  30.0  239
 4.050  242.5 -90  27  48  -0.781  90.0  30.0  243
 4.050  270.0 -90  27  48   0.781  90.0  30.0  268
 4.100  242.5  90  30  57   0.781   0.0   0.0  235
 4.100  245.0  90  30  57  -0.781   0.0   0.0  257
 4.100  247.5  90  30  54   0.781   0.0   0.0  260
 4.100  250.0  90  30  57   0.781   0.0   0.0  254
 4.100  252.5  90  30  57   0.781   0.0   0.0  257
 4.100  255.0  90  30  51  -0.781   0.0   0.0  257
 4.100  257.5  90  30  54  -0.781   0.0   0.0  261
 4.100  267.5  90  30  54   0.781 270.0  30.0  254
 4.100  270.0  90  30  57   0.781 270.0  30.0  256
 4.100  262.5 -90  27  48   0.781   0.0   0.0  267
 4.100  265.0 -90  27  48   2.344 150.0  30.0  274
 4.150  240.0  90  30  51   0.781   0.0   0.0  239
 4.150  242.5  90  30  60   0.781   0.0   0.0  241
 4.150  245.0  90  30  57  -0.781   0.0   0.0  244
 4.150  247.5  90  30  54   0.781   0.0   0.0  246
 4.150  250.0  90  30  51  -0.781 150.0  30.0  249
 4.150  252.5  90  30  57   0.781   0.0   0.0  252
 4.150  255.0  90  30  51   0.781   0.0   0.0  252
 4.150  270.0  90  30  60   0.781 330.0  30.0  269
 4.150  272.5  90  30  57   0.781 330.0  30.0  269
 4.150  242.5 -90  30  51   0.781  90.0  30.0  241
 4.150  245.0 -90  30  51  -0.781  90.0  30.0  245
 4.150  252.5 -90  30  51   0.781  90.0  30.0  252
 4.200  245.0  90  30  51  -0.781   0.0   0.0  245
 4.200  272.5  90  30  54   0.781 330.0  30.0  270
 4.250  257.5  90  30  51   0.781   0.0   0.0  256
 4.250  260.0  90  30  51   0.781   0.0   0.0  259
 4.250  270.0  90  30  57   0.781 270.0  30.0  269
 4.250  272.5  90  30  51   0.781 270.0  30.0  270
 4.250  245.0 -90  27  48   0.781  90.0  30.0  243
 4.250  255.0 -90  27  48  -0.781  90.0  30.0  255
 4.250  257.5 -90  27  51  -0.781  90.0  30.0  257
 4.250  260.0 -90  27  51  -0.781  90.0  30.0  259
 4.300  242.5  90  27  51   0.781   0.0   0.0  242
 4.300  245.0  90  27  54  -0.781   0.0   0.0  244
 4.300  247.5  90  27  51  -0.781 150.0  30.0  248
 4.300  250.0  90  27  51  -0.781 150.0  30.0  249
 4.300  252.5  90  27  48   0.781   0.0   0.0  252
 4.300  255.0  90  27  51  -0.781 150.0  30.0  254
 4.300  257.5  90  27  48   0.781   0.0   0.0  257
 4.300  270.0  90  27  54   0.781 270.0  30.0  269
 4.300  272.5  90  27  51   0.781 330.0  30.0  270
 4.300  242.5 -90  27  51   0.781  90.0  30.0  242
 4.300  245.0 -90  27  48   0.781  90.0  30.0  243
 4.300  247.5 -90  27  51   0.781  90.0  30.0  246
 4.350  250.0  90  30  51  -0.781   0.0   0.0  249
 4.350  252.5  90  30  54  -0.781 150.0  30.0  252
 4.350  255.0  90  30  51  -0.781 150.0  30.0  255
 4.350  262.5  90  30  54  -0.781   0.0   0.0  262
 4.350  270.0  90  30  54   0.781 270.0  30.0  269
 4.350  272.5  90  30  57   0.781 330.0  30.0  271
 4.350  250.0 -90  27  48  -0.781  90.0  30.0  249
 4.350  262.5 -90  27  48  -0.781 270.0  30.0  262
 4.400  252.5  90  30  54  -0.781   0.0   0.0  252
 4.400  255.0  90  30  51  -0.781 150.0  30.0  253
 4.400  257.5  90  30  51   0.781 150.0  30.0  257
 4.400  267.5  90  30  51  -0.781   0.0   0.0  267
 4.400  270.0  90  30  54   0.781 270.0  30.0  269
 4.400  272.5  90  30  57   0.781 330.0  30.0  270
 4.400  250.0 -90  27  48   0.781  90.0  30.0  249
 4.400  252.5 -90  27  48   0.781  90.0  30.0  252
 4.400  255.0 -90  27  48   0.781  90.0  30.0  254
 4.400  262.5 -90  27  48  -0.781 270.0  30.0  262
 4.400  267.5 -90  27  48  -0.781  90.0  30.0  267
 4.450  247.5  90  30  51  -0.781   0.0   0.0  247
 4.450  250.0  90  30  54  -0.781   0.0   0.0  251
 4.450  252.5  90  30  57  -0.781   0.0   0.0  251
 4.450  255.0  90  30  51  -0.781 150.0  30.0  255
 4.450  257.5  90  30  51  -0.781   0.0   0.0  257
 4.450  270.0  90  30  60   0.781 270.0  30.0  270
 4.450  272.5  90  30  60   0.781 330.0  30.0  270
 4.450  250.0 -90  27  51  -0.781  90.0  30.0  251
 4.450  252.5 -90  27  54  -0.781  90.0  30.0  251
 4.450  260.0 -90  27  48   0.781   0.0   0.0  260
 4.450  262.5 -90  27  51   0.781 150.0  30.0  260
 4.500  252.5  90  30  57  -0.781   0.0   0.0  252
 4.500  255.0  90  30  57  -0.781 150.0  30.0  254
 4.500  270.0  90  30  57   0.781 270.0  30.0  270
 4.500  272.5  90  30  54   0.781 270.0  30.0  270
 4.500  252.5 -90  27  48  -0.781  90.0  30.0  252
 4.500  255.0 -90  27  51  -0.781  90.0  30.0  254
 4.500  262.5 -90  27  48   0.781   0.0   0.0  261
 4.500  265.0 -90  27  48   0.781 150.0  30.0  263
 4.550  255.0  90  27  54  -0.781 150.0  30.0  254
 4.550  257.5  90  27  48  -0.781 150.0  30.0  258
 4.550  270.0  90  27  57   0.781 270.0  30.0  270
 4.550  272.5  90  27  63   0.781 270.0  30.0  270
 4.550  252.5 -90  27  48   0.781  90.0  30.0  253
 4.550  255.0 -90  27  51   0.781  90.0  30.0  253
 4.550  270.0 -90  27  48  -0.781  90.0  30.0  270
 4.600  255.0  90  30  51   0.781   0.0   0.0  254
 4.600  260.0  90  30  51   0.781   0.0   0.0  260
 4.600  270.0  90  30  57   0.781 270.0  30.0  270
 4.600  272.5  90  30  63   0.781 270.0  30.0  271
 4.600  272.5 -90  30  51   0.781  90.0  30.0  271
 4.600  285.0 -90  30  51   0.781 270.0  30.0  283
 4.650  257.5  90  30  51  -0.781 150.0  30.0  257
 4.650  262.5  90  30  51  -0.781 150.0  30.0  262
 4.650  270.0  90  30  51   0.781 270.0  30.0  271
 4.650  272.5  90  30  63   0.781 330.0  30.0  271
 4.650  275.0  90  30  57   0.781 330.0  30.0  271
 4.700  257.5  90  30  51  -0.781 150.0  30.0  257
 4.700  260.0  90  30  51  -0.781 150.0  30.0  259
 4.700  262.5  90  30  51  -0.781 150.0  30.0  261
 4.700  272.5  90  30  60   0.781 330.0  30.0  271
 4.700  275.0  90  30  54   0.781 270.0  30.0  271
 4.700  262.5 -90  27  54   0.781  90.0  30.0  262
 4.750  252.5  90  27  51   0.781   0.0   0.0  252
 4.750  255.0  90  27  51   0.781   0.0   0.0  254
 4.750  257.5  90  27  48  -0.781   0.0   0.0  256
 4.750  260.0  90  27  54  -0.781 150.0  30.0  261
 4.750  262.5  90  27  51  -0.781 150.0  30.0  260
 4.750  272.5  90  27  63   0.781 330.0  30.0  272
 4.750  275.0  90  27  57   0.781 330.0  30.0  272
 4.750  252.5 -90  27  48   0.781  90.0  30.0  252
 4.750  255.0 -90  27  51   0.781  90.0  30.0  254
 4.750  282.5 -90  27  51   0.781 330.0  30.0  281
 4.800  260.0  90  30  54  -0.781 150.0  30.0  261
 4.800  265.0  90  30  51   0.781  90.0  30.0  263
 4.800  272.5  90  30  63   0.781 270.0  30.0  272
 4.800  275.0  90  30  60   0.781 270.0  30.0  272
 4.800  255.0 -90  27  48   0.781  90.0  30.0  253
 4.800  257.5 -90  27  48   0.781   0.0   0.0  256
 4.800  262.5 -90  27  48   0.781   0.0   0.0  262
 4.800  265.0 -90  27  51   0.781  90.0  30.0  263
 4.800  267.5 -90  27  48   0.781  90.0  30.0  265
 4.800  282.5 -90  27  54   0.781 270.0  30.0  281
 4.800  285.0 -90  27  51   0.781 330.0  30.0  282
 4.850  255.0  90  27  48   0.781   0.0   0.0  254
 4.850  257.5  90  27  48   0.781  90.0  30.0  256
 4.850  262.5  90  27  54  -0.781 150.0  30.0  263
 4.850  265.0  90  27  54  -0.781 150.0  30.0  264
 4.850  267.5  90  27  51  -0.781 150.0  30.0  267
 4.850  270.0  90  27  48  -0.781   0.0   0.0  269
 4.850  272.5  90  27  54   0.781 270.0  30.0  273
 4.850  275.0  90  27  57   0.781 270.0  30.0  273
 4.850  285.0  90  27  48  -0.781   0.0   0.0  284
 4.850  257.5 -90  27  48   0.781   0.0   0.0  257
 4.850  280.0 -90  27  51   0.781 270.0  30.0  279
 4.850  282.5 -90  27  54   0.781 270.0  30.0  280
 4.900  260.0  90  27  54  -0.781   0.0   0.0  260
 4.900  262.5  90  27  54  -0.781 150.0  30.0  262
 4.900  265.0  90  27  51  -0.781 150.0  30.0  264
 4.900  270.0  90  27  48   0.781   0.0   0.0  269
 4.900  272.5  90  27  48   0.781 270.0  30.0  272
 4.900  275.0  90  27  54   0.781 330.0  30.0  275
 4.900  270.0 -90  27  48   0.781  90.0  30.0  269
 4.900  280.0 -90  27  48   0.781 270.0  30.0  280
 4.900  282.5 -90  27  51   0.781 270.0  30.0  280
 4.950  257.5  90  27  51  -0.781   0.0   0.0  257
 4.950  262.5  90  27  48   0.781   0.0   0.0  263
 4.950  265.0  90  27  48  -0.781 150.0  30.0  265
 4.950  267.5  90  27  48  -0.781 330.0  30.0  266
 4.950  270.0  90  27  48  -0.781   0.0   0.0  269
 4.950  275.0  90  27  54   0.781 270.0  30.0  274
 4.950  257.5 -90  27  51   0.781  90.0  30.0  257
 4.950  260.0 -90  27  48   0.781   0.0   0.0  259
 4.950  267.5 -90  27  48  -0.781  90.0  30.0  267
 5.000  260.0  90  27  48   0.781 150.0  30.0  259
 5.000  265.0  90  27  48  -0.781 150.0  30.0  265
 5.000  267.5  90  27  51  -0.781 150.0  30.0  266
 5.000  270.0  90  27  48   0.781   0.0   0.0  270
 5.000  272.5  90  27  54  -0.781   0.0   0.0  273
 5.000  275.0  90  27  54   0.781   0.0   0.0  274
 5.000  277.5  90  27  48   0.781 330.0  30.0  274
 5.000  260.0 -90  27  48   0.781  90.0  30.0  259
 5.000  280.0 -90  27  48   0.781 270.0  30.0  280
 5.000  282.5 -90  27  57   0.781 330.0  30.0  280
 5.050  265.0  90  27  54  -0.781   0.0   0.0  265
 5.050  267.5  90  27  48   0.781   0.0   0.0  266
 5.050  270.0  90  27  51  -0.781 330.0  30.0  267
 5.050  272.5  90  27  48  -0.781   0.0   0.0  271
 5.050  275.0  90  27  51   0.781 270.0  30.0  275
 5.050  277.5  90  27  57   0.781 270.0  30.0  275
 5.050  270.0 -90  27  48   0.781 210.0  30.0  270
 5.050  280.0 -90  27  48   0.781 330.0  30.0  280
 5.100  277.5  90  30  57   0.781 330.0  30.0  277
 5.100  285.0 -90  30  51   0.781 330.0  30.0  282
 5.150  262.5  90  30  51  -0.781   0.0   0.0  263
 5.150  265.0  90  30  54  -0.781 150.0  30.0  264
 5.150  267.5  90  30  51  -0.781   0.0   0.0  267
 5.150  270.0  90  30  54  -0.781   0.0   0.0  270
 5.150  272.5  90  30  51  -0.781   0.0   0.0  271
 5.150  275.0  90  30  51   0.781 270.0  30.0  274
 5.150  277.5  90  30  57   0.781 330.0  30.0  274
 5.150  280.0  90  30  51   0.781 330.0  30.0  277
 5.150  282.5  90  30  51  -0.781   0.0   0.0  282
 5.150  290.0  90  30  51  -0.781   0.0   0.0  290
 5.150  280.0 -90  27  51   0.781 330.0  30.0  278
 5.150  282.5 -90  27  51   0.781 270.0  30.0  281
 5.150  285.0 -90  27  48   0.781 330.0  30.0  281
 5.200  267.5  90  27  54  -0.781   0.0   0.0  268
 5.200  270.0  90  27  51   0.781   0.0   0.0  269
 5.200  272.5  90  27  51  -0.781   0.0   0.0  270
 5.200  275.0  90  27  48  -0.781 210.0  30.0  274
 5.200  277.5  90  27  54  -0.781   0.0   0.0  277
 5.200  280.0  90  27  51  -0.781   0.0   0.0  280
 5.200  282.5  90  27  54  -0.781   0.0   0.0  282
 5.200  285.0  90  27  54  -0.781   0.0   0.0  286
 5.200  287.5  90  27  57  -0.781   0.0   0.0  286
 5.200  292.5  90  27  48  -0.781   0.0   0.0  292
 5.200  300.0  90  27  48  -0.781   0.0   0.0  300
 5.200  277.5 -90  27  48  -0.781   0.0   0.0  277
 5.200  280.0 -90  27  54   0.781 270.0  30.0  279
 5.200  285.0 -90  27  51   0.781 330.0  30.0  281
 5.250  265.0  90  30  51  -0.781   0.0   0.0  266
 5.250  267.5  90  30  51  -0.781   0.0   0.0  266
 5.250  275.0  90  30  54  -0.781   0.0   0.0  274
 5.250  277.5  90  30  51   0.781 270.0  30.0  276
 5.250  280.0  90  30  51  -0.781   0.0   0.0  279
 5.250  262.5 -90  27  51   0.781   0.0   0.0  262
 5.250  265.0 -90  27  51   0.781   0.0   0.0  263
 5.250  267.5 -90  27  48  -0.781   0.0   0.0  267
 5.250  275.0 -90  27  48  -0.781 270.0  30.0  275
 5.250  280.0 -90  27  54   0.781 330.0  30.0  279
 5.300  270.0  90  27  48  -0.781 150.0  30.0  270
 5.300  272.5  90  27  48  -0.781   0.0   0.0  273
 5.300  275.0  90  27  51  -0.781  90.0  30.0  274
 5.300  277.5  90  27  51  -0.781 270.0  30.0  277
 5.300  282.5  90  27  48  -0.781   0.0   0.0  282
 5.300  285.0  90  27  54  -0.781   0.0   0.0  285
 5.300  287.5  90  27  51   0.781   0.0   0.0  286
 5.300  292.5  90  27  51  -0.781   0.0   0.0  293
 5.300  297.5  90  27  48  -0.781   0.0   0.0  297
 5.300  320.0  90  27  48  -0.781   0.0   0.0  320
 5.300  260.0 -90  27  48   0.781   0.0   0.0  259
 5.300  265.0 -90  27  48   0.781   0.0   0.0  263
 5.300  267.5 -90  27  48  -0.781   0.0   0.0  267
 5.300  280.0 -90  27  57   0.781 330.0  30.0  279
 5.300  282.5 -90  27  60   0.781 330.0  30.0  280
 5.300  285.0 -90  27  48  -0.781 270.0  30.0  285
 5.350  270.0 -90  27  48  -0.781   0.0   0.0  269
 5.350  280.0 -90  27  51   0.781 330.0  30.0  278
 5.350  282.5 -90  27  48  -0.781   0.0   0.0  283
 5.350  285.0 -90  27  48  -0.781 330.0  30.0  281
 5.400  277.5  90  27  51  -0.781  90.0  30.0  277
 5.400  282.5  90  27  48  -0.781   0.0   0.0  283
 5.400  285.0  90  27  51  -0.781   0.0   0.0  284
 5.400  262.5 -90  27  48   0.781   0.0   0.0  260
 5.400  267.5 -90  27  48   0.781   0.0   0.0  266
 5.400  280.0 -90  27  48   0.781 270.0  30.0  280
 5.400  282.5 -90  27  60   0.781 270.0  30.0  282
 5.400  285.0 -90  27  57   0.781 270.0  30.0  283
 5.450  280.0  90  27  48  -0.781   0.0   0.0  279
 5.450  282.5  90  27  48  -0.781   0.0   0.0  284
 5.450  287.5  90  27  48  -0.781 330.0  30.0  286
 5.450  285.0 -90  27  54   0.781 330.0  30.0  283
 5.500  282.5  90  27  51  -0.781 150.0  30.0  283
 5.500  285.0  90  27  48  -0.781 150.0  30.0  284
 5.500  292.5  90  27  48  -0.781   0.0   0.0  292
 5.500  282.5 -90  27  51   0.781 330.0  30.0  279
 5.500  285.0 -90  27  48   0.781 330.0  30.0  283
 5.600  285.0  90  30  51  -0.781   0.0   0.0  284
 5.600  302.5  90  30  54  -0.781   0.0   0.0  303
 5.600  305.0  90  30  54  -0.781   0.0   0.0  304
 5.600  312.5  90  30  51  -0.781   0.0   0.0  313
 5.600  315.0  90  30  51  -0.781   0.0   0.0  314
 5.600  322.5  90  30  51  -0.781   0.0   0.0  321
 5.600  325.0  90  30  54  -0.781   0.0   0.0  326
 5.600  327.5  90  30  51  -0.781   0.0   0.0  327
 5.600  275.0 -90  30  54   0.781   0.0   0.0  274
 5.600  282.5 -90  30  51   0.781 270.0  30.0  282
 5.600  285.0 -90  30  51   0.781 270.0  30.0  283
 5.600  290.0 -90  30  51  -0.781   0.0   0.0  289
 5.600  302.5 -90  30  54  -0.781   0.0   0.0  302
 5.650  287.5  90  27  48  -0.781   0.0   0.0  288
 5.650  307.5  90  27  48  -0.781   0.0   0.0  308
 5.650  310.0  90  27  48  -0.781   0.0   0.0  309
 5.650  325.0  90  27  54  -0.781   0.0   0.0  324
 5.650  327.5  90  27  51  -0.781   0.0   0.0  329
 5.650  260.0 -90  27  48   0.781   0.0   0.0  259
 5.650  262.5 -90  27  48   0.781   0.0   0.0  260
 5.650  272.5 -90  27  57  -0.781   0.0   0.0  272
 5.650  275.0 -90  27  51  -0.781   0.0   0.0  273
 5.650  277.5 -90  27  48   0.781   0.0   0.0  278
 5.650  280.0 -90  27  54   0.781   0.0   0.0  279
 5.650  282.5 -90  27  48   0.781 330.0  30.0  281
 5.650  285.0 -90  27  51   0.781 330.0  30.0  279
 5.650  287.5 -90  27  48  -0.781   0.0   0.0  287
 5.650  290.0 -90  27  48  -0.781   0.0   0.0  288
 5.650  292.5 -90  27  48  -0.781   0.0   0.0  292
 5.650  297.5 -90  27  48  -0.781   0.0   0.0  296
 5.650  307.5 -90  27  48  -0.781   0.0   0.0  308
 5.650  310.0 -90  27  54  -0.781   0.0   0.0  310
 5.650  312.5 -90  27  54  -0.781   0.0   0.0  313
 5.700  290.0  90  27  48  -0.781   0.0   0.0  289
 5.700  295.0  90  27  48  -0.781  90.0  30.0  294
 5.700  302.5  90  27  51  -0.781   0.0   0.0  302
 5.700  305.0  90  27  51  -0.781   0.0   0.0  305
 5.700  307.5  90  27  51  -0.781   0.0   0.0  308
 5.700  315.0  90  27  51  -0.781   0.0   0.0  315
 5.700  320.0  90  27  54  -0.781   0.0   0.0  319
 5.700  327.5  90  27  48  -0.781   0.0   0.0  331
 5.700  330.0  90  27  48  -0.781   0.0   0.0  329
 5.700  332.5  90  27  48  -0.781   0.0   0.0  333
 5.700  335.0  90  27  51  -0.781   0.0   0.0  335
 5.700  337.5  90  27  54  -0.781   0.0   0.0  337
 5.700  340.0  90  27  51  -0.781   0.0   0.0  339
 5.700  262.5 -90  27  48   0.781   0.0   0.0  262
 5.700  265.0 -90  27  51   0.781   0.0   0.0  263
 5.700  267.5 -90  27  48  -0.781   0.0   0.0  266
 5.700  270.0 -90  27  51   0.781   0.0   0.0  270
 5.700  272.5 -90  27  57   0.781   0.0   0.0  271
 5.700  275.0 -90  27  57   0.781   0.0   0.0  274
 5.700  277.5 -90  27  57   0.781   0.0   0.0  276
 5.700  282.5 -90  27  48  -0.781   0.0   0.0  282
 5.700  285.0 -90  27  51   0.781   0.0   0.0  283
 5.700  297.5 -90  27  48  -0.781   0.0   0.0  298
 5.700  310.0 -90  27  48  -0.781   0.0   0.0  310
 5.700  312.5 -90  27  51  -0.781   0.0   0.0  313
 5.700  320.0 -90  27  51  -0.781   0.0   0.0  320
 5.750  317.5  90  27  48  -0.781   0.0   0.0  318
 5.750  320.0  90  27  51  -0.781   0.0   0.0  320
 5.750  322.5  90  27  51  -0.781   0.0   0.0  321
 5.750  335.0  90  27  48  -0.781   0.0   0.0  334
 5.750  337.5  90  27  48  -0.781   0.0   0.0  338
 5.750  262.5 -90  27  48   0.781   0.0   0.0  262
 5.750  265.0 -90  27  54   0.781   0.0   0.0  265
 5.750  267.5 -90  27  57   0.781   0.0   0.0  266
 5.750  272.5 -90  27  54   0.781   0.0   0.0  271
 5.750  277.5 -90  27  51  -0.781 270.0  30.0  277
 5.750  280.0 -90  27  48   0.781   0.0   0.0  278
 5.750  282.5 -90  27  48   0.781   0.0   0.0  282
 5.750  285.0 -90  27  51   0.781   0.0   0.0  283
 5.750  295.0 -90  27  48  -0.781   0.0   0.0  295
 5.750  317.5 -90  27  51  -0.781   0.0   0.0  317
 5.750  320.0 -90  27  48  -0.781   0.0   0.0  320
 5.800  300.0  90  27  48  -0.781   0.0   0.0  299
 5.800  302.5  90  27  48  -0.781  90.0  30.0  302
 5.800  305.0  90  27  48  -0.781  90.0  30.0  305
 5.800  317.5  90  27  48  -0.781   0.0   0.0  318
 5.800  320.0  90  27  51  -0.781   0.0   0.0  319
 5.800  327.5  90  27  48  -0.781   0.0   0.0  328
 5.800  330.0  90  27  48  -0.781   0.0   0.0  329
 5.800  332.5  90  27  48  -0.781   0.0   0.0  332
 5.800  335.0  90  27  48  -0.781   0.0   0.0  334
 5.800  337.5  90  27  51  -0.781   0.0   0.0  337
 5.800  340.0  90  27  51  -0.781   0.0   0.0  340
 5.800  342.5  90  27  51  -0.781   0.0   0.0  342
 5.800  345.0  90  27  48  -0.781   0.0   0.0  344
 5.800  347.5  90  27  48  -0.781   0.0   0.0  348
 5.800  352.5  90  27  48  -0.781   0.0   0.0  352
 5.800  357.5  90  27  48  -0.781   0.0   0.0  359
 5.800  360.0  90  27  51  -0.781   0.0   0.0  360
 5.800  365.0  90  27  48  -0.781   0.0   0.0  366
 5.800  267.5 -90  27  51  -0.781  90.0  30.0  268
 5.800  277.5 -90  27  48   0.781   0.0   0.0  276
 5.800  280.0 -90  27  51  -0.781   0.0   0.0  280
 5.800  282.5 -90  27  51  -0.781   0.0   0.0  281
 5.800  300.0 -90  27  51  -0.781   0.0   0.0  300
 5.800  310.0 -90  27  48  -0.781   0.0   0.0  311
 5.800  312.5 -90  27  48  -0.781   0.0   0.0  312
 5.800  325.0 -90  27  48  -0.781   0.0   0.0  325
 5.800  327.5 -90  27  48  -0.781   0.0   0.0  327
 5.800  332.5 -90  27  51  -0.781   0.0   0.0  333
 5.800  335.0 -90  27  48  -0.781   0.0   0.0  335
 5.850  370.0  90  27  51  -0.781   0.0   0.0  369
 5.850  377.5  90  27  48  -0.781   0.0   0.0  377
 5.850  380.0  90  27  48  -0.781   0.0   0.0  379
 5.850  265.0 -90  27  48   0.781   0.0   0.0  265
 5.850  267.5 -90  27  51   0.781   0.0   0.0  266
 5.850  272.5 -90  27  48   0.781   0.0   0.0  271
 5.850  280.0 -90  27  48   0.781   0.0   0.0  277
 5.850  285.0 -90  27  51   0.781 330.0  30.0  284
 5.850  287.5 -90  27  57   0.781 330.0  30.0  286
 5.850  290.0 -90  27  48  -0.781   0.0   0.0  289
 5.850  337.5 -90  27  48  -0.781 270.0  30.0  337
 5.900  387.5  90  27  48  -0.781   0.0   0.0  388
 5.900  277.5 -90  27  48   0.781   0.0   0.0  277
 5.900  282.5 -90  27  54  -0.781 150.0  30.0  282
 5.900  285.0 -90  27  57   0.781 330.0  30.0  284
 5.900  287.5 -90  27  60   0.781 330.0  30.0  284
 5.900  290.0 -90  27  51  -0.781 330.0  30.0  285
 5.900  347.5 -90  27  51  -0.781 270.0  30.0  348
 5.900  350.0 -90  27  48  -0.781 270.0  30.0  350
 5.900  352.5 -90  27  48  -0.781 270.0  30.0  353
 5.900  360.0 -90  27  48  -0.781 270.0  30.0  361
 5.950  277.5 -90  27  48  -0.781  90.0  30.0  277
 5.950  282.5 -90  27  51  -0.781   0.0   0.0  282
 5.950  285.0 -90  27  51   0.781 330.0  30.0  282
 5.950  287.5 -90  27  48   0.781 330.0  30.0  282
 5.950  360.0 -90  27  48  -0.781 270.0  30.0  360
 5.950  365.0 -90  27  51  -0.781 270.0  30.0  365
 5.950  367.5 -90  27  51  -0.781 270.0  30.0  369
 5.950  370.0 -90  27  51  -0.781 270.0  30.0  370
 5.950  375.0 -90  27  48  -0.781 270.0  30.0  376
 6.000  275.0 -90  30  51   0.781   0.0   0.0  274
 6.000  290.0 -90  30  54   0.781 330.0  30.0  288
 6.000  360.0 -90  30  51  -0.781 270.0  30.0  360
 6.000  367.5 -90  30  54  -0.781 270.0  30.0  368
 6.000  370.0 -90  30  54  -0.781 270.0  30.0  370
 6.050  277.5 -90  30  51   0.781   0.0   0.0  276
 6.050  287.5 -90  30  57   0.781 270.0  30.0  287
 6.050  290.0 -90  30  51   0.781 270.0  30.0  287
 6.050  375.0 -90  30  51  -0.781 270.0  30.0  376
 6.100  277.5 -90  27  48  -0.781  90.0  30.0  276
 6.100  280.0 -90  27  48  -0.781  90.0  30.0  279
 6.100  287.5 -90  27  48   0.781 330.0  30.0  281
 6.100  290.0 -90  27  57   0.781 330.0  30.0  285
 6.100  295.0 -90  27  48  -0.781   0.0   0.0  295
 6.100  297.5 -90  27  48  -0.781   0.0   0.0  297
 6.150  277.5 -90  30  51  -0.781   0.0   0.0  276
 6.150  287.5 -90  30  51   0.781 330.0  30.0  284
 6.150  290.0 -90  30  57   0.781 330.0  30.0  285
 6.200  290.0 -90  30  57   0.781 330.0  30.0  290
 6.200  292.5 -90  30  60   0.781 270.0  30.0  290
 6.200  295.0 -90  30  51   0.781   0.0   0.0  293
 6.250  292.5  90  30  51   0.781 150.0  30.0  291
 6.250  290.0 -90  30  57   0.781 330.0  30.0  290
 6.250  292.5 -90  30  66   0.781 270.0  30.0  291
 6.250  295.0 -90  30  54   0.781 270.0  30.0  291
 6.250  297.5 -90  30  54   0.781   0.0   0.0  297
 6.250  300.0 -90  30  51   0.781   0.0   0.0  298
 6.300  282.5 -90  30  51  -0.781   0.0   0.0  282
 6.300  285.0 -90  30  54  -0.781  90.0  30.0  285
 6.300  287.5 -90  30  51  -0.781   0.0   0.0  287
 6.300  290.0 -90  30  54   0.781   0.0   0.0  289
 6.300  292.5 -90  30  60   0.781 330.0  30.0  292
 6.300  295.0 -90  30  57   0.781 270.0  30.0  293
 6.300  300.0 -90  30  51  -0.781   0.0   0.0  299
 6.300  302.5 -90  30  51   0.781   0.0   0.0  302
 6.300  305.0 -90  30  51   0.781   0.0   0.0  304
 6.350  292.5 -90  30  51   0.781 270.0  30.0  292
 6.350  295.0 -90  30  51   0.781   0.0   0.0  295
 6.350  305.0 -90  30  54   0.781   0.0   0.0  304
 6.350  307.5 -90  30  54   0.781   0.0   0.0  306
 6.400  290.0 -90  30  51   0.781  90.0  30.0  289
 6.400  292.5 -90  30  54   0.781   0.0   0.0  292
 6.400  295.0 -90  30  54   0.781 270.0  30.0  294
 6.400  297.5 -90  30  51  -0.781  90.0  30.0  297
 6.400  300.0 -90  30  51  -0.781   0.0   0.0  300
 6.400  302.5 -90  30  51  -0.781   0.0   0.0  301
 6.450  292.5 -90  30  57  -0.781  90.0  30.0  292
 6.450  295.0 -90  30  51   0.781 270.0  30.0  293
 6.450  297.5 -90  30  51   0.781 330.0  30.0  292
 6.450  307.5 -90  30  51   0.781   0.0   0.0  307
 6.450  310.0 -90  30  54  -0.781   0.0   0.0  309
 6.450  315.0 -90  30  51  -0.781   0.0   0.0  314
 6.450  320.0 -90  30  51  -0.781   0.0   0.0  320
 6.500  297.5 -90  30  51   0.781 270.0  30.0  297
 6.500  307.5 -90  30  51  -0.781   0.0   0.0  307
 6.500  327.5 -90  30  51  -0.781   0.0   0.0  327
 6.550  300.0 -90  30  54  -0.781  90.0  30.0  300
 6.600  357.5 -90  30  51  -0.781   0.0   0.0  357
 6.800  322.5 -90  30  51  -0.781  90.0  30.0  322
 6.800  325.0 -90  30  51  -0.781   0.0   0.0  324