2012.06.16 (168) 09:43:30.000
Station name: Zhong Shan
URSI code: ZS36R
Ionosonde model: DPS-4D
  Freq  Range Pol MPA Amp Doppler    Az    Zn  PGH
 1.550  110.0  90  30  51   1.563   0.0   0.0
 1.550  112.5  90  30  54   1.563   0.0   0.0
 1.750  112.5  90  30  51   1.563   0.0   0.0
 1.750  112.5 -90  27  48   1.563   0.0   0.0
 2.050  112.5  90  30  51   1.563   0.0   0.0
 2.050  115.0  90  30  54   1.563   0.0   0.0
 2.050  112.5 -90  27  51   1.563   0.0   0.0
 2.050  115.0 -90  27  54   1.563   0.0   0.0
 2.150  112.5  90  21  51   1.563   0.0   0.0
 2.150  115.0  90  21  48   1.563   0.0   0.0
 2.150  117.5  90  21  45   1.563   0.0   0.0
 2.150  120.0  90  21  48  -1.563   0.0   0.0
 2.150  147.5  90  21  42   1.563   0.0   0.0
 2.150  150.0  90  21  45   1.563   0.0   0.0
 2.150  157.5  90  21  45   1.563   0.0   0.0
 2.150  160.0  90  21  42   1.563   0.0   0.0
 2.150  117.5 -90  27  48   1.563   0.0   0.0
 2.150  150.0 -90  27  48   1.563   0.0   0.0
 2.200  117.5  90  30  51   1.563   0.0   0.0
 2.200  117.5 -90  30  51   1.563   0.0   0.0
 2.250  157.5  90  27  48   1.563   0.0   0.0
 2.350  125.0  90  21  42   1.563   0.0   0.0
 2.350  127.5  90  21  45   1.563   0.0   0.0
 2.350  145.0  90  21  42   1.563   0.0   0.0
 2.350  152.5  90  21  42   1.563   0.0   0.0
 2.350  167.5  90  21  42   1.563   0.0   0.0
 2.350  180.0  90  21  42   1.563   0.0   0.0
 2.350  127.5 -90  21  42   1.563   0.0   0.0
 2.450  137.5  90  27  48   1.563   0.0   0.0
 2.450  140.0  90  27  48   1.563   0.0   0.0
 2.450  137.5 -90  21  42   1.563   0.0   0.0
 2.450  140.0 -90  21  42   1.563   0.0   0.0
 2.550  137.5  90  21  48   1.563   0.0   0.0
 2.550  140.0  90  21  45   1.563   0.0   0.0
 2.550  155.0  90  21  42   1.563   0.0   0.0
 2.550  157.5  90  21  42   1.563   0.0   0.0
 2.550  165.0  90  21  42   1.563   0.0   0.0
 2.600  132.5  90  27  51   1.563   0.0   0.0
 2.600  135.0  90  27  48   1.563   0.0   0.0
 2.600  137.5  90  27  51   1.563   0.0   0.0
 2.650  132.5  90  27  51  -1.563   0.0   0.0
 2.650  135.0  90  27  57   1.563   0.0   0.0
 2.650  140.0  90  27  51   1.563   0.0   0.0
 2.650  142.5  90  27  57   1.563   0.0   0.0
 2.650  147.5  90  27  48   1.563   0.0   0.0
 2.650  135.0 -90  21  45   1.563   0.0   0.0
 2.650  142.5 -90  21  48   1.563   0.0   0.0
 2.700  132.5  90  27  51   1.563   0.0   0.0
 2.700  137.5  90  27  54   1.563   0.0   0.0
 2.700  140.0  90  27  54   1.563   0.0   0.0
 2.700  145.0  90  27  48   1.563   0.0   0.0
 2.700  147.5  90  27  51   1.563   0.0   0.0
 2.700  235.0  90  27  48   1.563   0.0   0.0
 2.700  137.5 -90  21  42   1.563   0.0   0.0
 2.700  140.0 -90  21  42   1.563   0.0   0.0
 2.750  135.0  90  27  54   1.563   0.0   0.0
 2.750  137.5  90  27  51   1.563   0.0   0.0
 2.750  140.0  90  27  51   1.563   0.0   0.0
 2.750  142.5  90  27  51   1.563   0.0   0.0
 2.750  145.0  90  27  48   1.563   0.0   0.0
 2.850  137.5  90  21  45   1.563   0.0   0.0
 2.850  230.0  90  21  42   1.563   0.0   0.0
 2.850  235.0  90  21  48   1.563   0.0   0.0
 2.850  237.5  90  21  45   1.563   0.0   0.0
 2.850  240.0  90  21  42   1.563   0.0   0.0
 2.850  242.5  90  21  42   1.563   0.0   0.0
 2.850  245.0  90  21  42   1.563   0.0   0.0
 2.850  247.5  90  21  45   1.563   0.0   0.0
 2.850  237.5 -90  21  42   1.563   0.0   0.0
 2.900  235.0  90  27  54   1.563   0.0   0.0
 2.900  237.5  90  27  51   1.563   0.0   0.0
 2.900  235.0 -90  21  45   1.563   0.0   0.0
 2.900  237.5 -90  21  42   1.563   0.0   0.0
 2.950  235.0  90  21  42   1.563   0.0   0.0
 2.950  237.5  90  21  48   1.563   0.0   0.0
 2.950  240.0  90  21  42   1.563   0.0   0.0
 2.950  245.0  90  21  42   1.563   0.0   0.0
 2.950  247.5  90  21  42  -1.563   0.0   0.0
 2.950  250.0  90  21  42   1.563   0.0   0.0
 3.000  235.0  90  27  48   1.563   0.0   0.0
 3.050  232.5  90  21  48   1.563   0.0   0.0
 3.050  235.0  90  21  48   1.563   0.0   0.0
 3.050  242.5  90  21  42   1.563   0.0   0.0
 3.050  247.5  90  21  42  -1.563   0.0   0.0
 3.100  235.0  90  27  51   1.563   0.0   0.0
 3.100  240.0  90  27  51   1.563   0.0   0.0
 3.150  232.5  90  21  45   1.563   0.0   0.0
 3.150  235.0  90  21  51   1.563   0.0   0.0
 3.150  237.5  90  21  54   1.563   0.0   0.0
 3.150  240.0  90  21  54   1.563   0.0   0.0
 3.150  242.5  90  21  42  -1.563   0.0   0.0
 3.150  245.0  90  21  42  -1.563   0.0   0.0
 3.150  247.5  90  21  42  -1.563   0.0   0.0
 3.150  235.0 -90  21  42   1.563   0.0   0.0
 3.150  237.5 -90  21  42   1.563   0.0   0.0
 3.150  240.0 -90  21  42   1.563   0.0   0.0
 3.200  235.0  90  27  54   1.563   0.0   0.0
 3.200  237.5  90  27  51   1.563   0.0   0.0
 3.200  240.0  90  27  48   1.563   0.0   0.0
 3.200  247.5  90  27  51  -1.563   0.0   0.0
 3.250  240.0  90  30  54   1.563   0.0   0.0
 3.300  235.0  90  30  51   1.563   0.0   0.0
 3.350  240.0  90  27  48   1.563   0.0   0.0
 3.400  235.0  90  27  48   1.563   0.0   0.0
 3.400  240.0  90  27  54   1.563   0.0   0.0
 3.400  242.5  90  27  51   1.563   0.0   0.0
 3.400  240.0 -90  27  48   1.563   0.0   0.0
 3.450  235.0  90  27  51   1.563   0.0   0.0
 3.450  240.0  90  27  48  -1.563   0.0   0.0
 3.500  235.0  90  27  51   1.563   0.0   0.0
 3.500  237.5  90  27  51   1.563   0.0   0.0
 3.550  235.0  90  27  51   1.563   0.0   0.0
 3.550  237.5  90  27  48   1.563   0.0   0.0
 3.550  240.0  90  27  51   1.563   0.0   0.0
 3.550  245.0  90  27  48   1.563   0.0   0.0
 3.600  237.5  90  30  51   1.563   0.0   0.0
 3.600  245.0  90  30  51  -1.563   0.0   0.0
 3.650  240.0  90  27  48   1.563   0.0   0.0
 3.650  242.5  90  27  51   1.563   0.0   0.0
 3.650  245.0  90  27  51   1.563   0.0   0.0
 3.700  240.0  90  30  54   1.563   0.0   0.0
 3.700  245.0  90  30  54   1.563   0.0   0.0
 3.750  242.5  90  30  57   1.563   0.0   0.0
 3.750  245.0  90  30  57   1.563   0.0   0.0
 3.750  247.5  90  30  57  -1.563   0.0   0.0
 3.750  250.0  90  30  51  -1.563   0.0   0.0
 3.800  250.0  90  30  51   1.563   0.0   0.0
 3.850  242.5  90  27  54   1.563   0.0   0.0
 3.850  245.0  90  27  48   1.563   0.0   0.0
 3.850  247.5  90  27  48   1.563   0.0   0.0
 3.850  250.0  90  27  51  -1.563   0.0   0.0
 3.900  245.0  90  30  51   1.563   0.0   0.0
 3.900  250.0  90  30  54  -1.563   0.0   0.0
 3.900  252.5  90  30  51  -1.563   0.0   0.0
 3.950  245.0  90  27  54   1.563   0.0   0.0
 3.950  247.5  90  27  54  -1.563   0.0   0.0
 3.950  250.0  90  27  54   1.563   0.0   0.0
 4.000  247.5  90  27  57   1.563   0.0   0.0
 4.000  250.0  90  27  51   1.563   0.0   0.0
 4.000  252.5  90  27  54   1.563   0.0   0.0
 4.000  255.0  90  27  48   1.563   0.0   0.0
 4.050  245.0  90  27  51   1.563   0.0   0.0
 4.050  247.5  90  27  57   1.563   0.0   0.0
 4.050  250.0  90  27  54   1.563   0.0   0.0
 4.050  252.5  90  27  51  -1.563   0.0   0.0
 4.050  255.0  90  27  54  -1.563   0.0   0.0
 4.100  250.0  90  30  54   1.563   0.0   0.0
 4.100  252.5  90  30  51   1.563   0.0   0.0
 4.100  255.0  90  30  60   1.563   0.0   0.0
 4.100  257.5  90  30  54   1.563   0.0   0.0
 4.150  247.5  90  27  51   1.563   0.0   0.0
 4.150  250.0  90  27  54  -1.563   0.0   0.0
 4.150  252.5  90  27  60   1.563   0.0   0.0
 4.150  257.5  90  27  54  -1.563   0.0   0.0
 4.150  260.0  90  27  60  -1.563   0.0   0.0
 4.150  262.5  90  27  57  -1.563   0.0   0.0
 4.150  267.5  90  27  48  -1.563   0.0   0.0
 4.150  270.0  90  27  48  -1.563   0.0   0.0
 4.150  272.5  90  27  48  -1.563   0.0   0.0
 4.150  262.5 -90  27  51   1.563   0.0   0.0
 4.150  267.5 -90  27  48   1.563   0.0   0.0
 4.200  247.5  90  30  51   1.563   0.0   0.0
 4.200  255.0  90  30  60   1.563   0.0   0.0
 4.200  257.5  90  30  54   1.563   0.0   0.0
 4.200  262.5  90  30  51   1.563   0.0   0.0
 4.200  265.0  90  30  51   1.563   0.0   0.0
 4.250  250.0  90  27  48   1.563   0.0   0.0
 4.250  252.5  90  27  48   1.563   0.0   0.0
 4.250  255.0  90  27  48   1.563   0.0   0.0
 4.250  262.5  90  27  54  -1.563   0.0   0.0
 4.250  260.0 -90  27  48   1.563   0.0   0.0
 4.250  267.5 -90  27  48   1.563   0.0   0.0
 4.300  252.5  90  27  51   1.563   0.0   0.0
 4.300  255.0  90  27  54  -1.563   0.0   0.0
 4.300  257.5  90  27  51   1.563   0.0   0.0
 4.300  260.0  90  27  48   1.563   0.0   0.0
 4.300  270.0  90  27  48  -1.563   0.0   0.0
 4.300  272.5  90  27  48  -1.563   0.0   0.0
 4.350  250.0  90  30  51   1.563   0.0   0.0
 4.350  252.5  90  30  51   1.563   0.0   0.0
 4.350  255.0  90  30  54   1.563   0.0   0.0
 4.350  257.5  90  30  54  -1.563   0.0   0.0
 4.350  262.5  90  30  57  -1.563   0.0   0.0
 4.350  265.0  90  30  51  -1.563   0.0   0.0
 4.350  267.5  90  30  51  -1.563   0.0   0.0
 4.350  270.0  90  30  51  -1.563   0.0   0.0
 4.350  260.0 -90  27  48   1.563   0.0   0.0
 4.350  262.5 -90  27  51   1.563   0.0   0.0
 4.350  265.0 -90  27  51   1.563   0.0   0.0
 4.400  250.0  90  27  48   1.563   0.0   0.0
 4.400  252.5  90  27  54   1.563   0.0   0.0
 4.400  255.0  90  27  57   1.563   0.0   0.0
 4.400  257.5  90  27  57   1.563   0.0   0.0
 4.400  260.0  90  27  54  -1.563   0.0   0.0
 4.400  262.5  90  27  57  -1.563   0.0   0.0
 4.400  265.0  90  27  54  -1.563   0.0   0.0
 4.400  267.5  90  27  60  -1.563   0.0   0.0
 4.400  270.0  90  27  48  -1.563   0.0   0.0
 4.400  272.5  90  27  48  -1.563   0.0   0.0
 4.400  265.0 -90  27  48   1.563   0.0   0.0
 4.450  252.5  90  27  51   1.563   0.0   0.0
 4.450  255.0  90  27  54   1.563   0.0   0.0
 4.450  257.5  90  27  54   1.563   0.0   0.0
 4.450  260.0  90  27  57   1.563   0.0   0.0
 4.450  262.5  90  27  57  -1.563   0.0   0.0
 4.450  265.0  90  27  60  -1.563   0.0   0.0
 4.450  267.5  90  27  54  -1.563   0.0   0.0
 4.450  270.0  90  27  48   1.563   0.0   0.0
 4.450  275.0  90  27  48  -1.563   0.0   0.0
 4.450  262.5 -90  27  48   1.563   0.0   0.0
 4.450  265.0 -90  27  51   1.563   0.0   0.0
 4.450  267.5 -90  27  48  -1.563   0.0   0.0
 4.500  255.0  90  27  51   1.563   0.0   0.0
 4.500  257.5  90  27  57   1.563   0.0   0.0
 4.500  260.0  90  27  48  -1.563   0.0   0.0
 4.500  262.5  90  27  57   1.563   0.0   0.0
 4.500  265.0  90  27  48   1.563   0.0   0.0
 4.500  270.0  90  27  48  -1.563   0.0   0.0
 4.500  272.5  90  27  54  -1.563   0.0   0.0
 4.500  277.5  90  27  54  -1.563   0.0   0.0
 4.500  255.0 -90  27  48   1.563   0.0   0.0
 4.500  260.0 -90  27  48   1.563   0.0   0.0
 4.500  262.5 -90  27  48   1.563   0.0   0.0
 4.500  265.0 -90  27  51   1.563   0.0   0.0
 4.500  267.5 -90  27  54   1.563   0.0   0.0
 4.550  257.5  90  27  51   1.563   0.0   0.0
 4.550  260.0  90  27  51  -1.563   0.0   0.0
 4.550  262.5  90  27  48   1.563   0.0   0.0
 4.550  265.0  90  27  48  -1.563   0.0   0.0
 4.550  267.5  90  27  54  -1.563   0.0   0.0
 4.550  280.0  90  27  51  -1.563   0.0   0.0
 4.550  260.0 -90  27  48   1.563   0.0   0.0
 4.550  262.5 -90  27  54   1.563   0.0   0.0
 4.550  267.5 -90  27  54   1.563   0.0   0.0
 4.550  270.0 -90  27  48  -1.563   0.0   0.0
 4.600  262.5  90  30  57   1.563   0.0   0.0
 4.600  265.0  90  30  57   1.563   0.0   0.0
 4.600  267.5  90  30  60   1.563   0.0   0.0
 4.600  270.0  90  30  54  -1.563   0.0   0.0
 4.600  280.0  90  30  51  -1.563   0.0   0.0
 4.600  282.5  90  30  51  -1.563   0.0   0.0
 4.600  260.0 -90  27  48  -1.563   0.0   0.0
 4.600  262.5 -90  27  54   1.563   0.0   0.0
 4.600  265.0 -90  27  48   1.563   0.0   0.0
 4.600  267.5 -90  27  51   1.563   0.0   0.0
 4.650  262.5  90  30  57  -1.563   0.0   0.0
 4.650  267.5  90  30  57   1.563   0.0   0.0
 4.650  270.0  90  30  57  -1.563   0.0   0.0
 4.650  262.5 -90  30  54   1.563   0.0   0.0
 4.650  265.0 -90  30  51   1.563   0.0   0.0
 4.650  267.5 -90  30  51   1.563   0.0   0.0
 4.700  262.5  90  27  48   1.563   0.0   0.0
 4.700  265.0  90  27  51  -1.563   0.0   0.0
 4.700  267.5  90  27  48  -1.563   0.0   0.0
 4.700  272.5  90  27  48  -1.563   0.0   0.0
 4.700  275.0  90  27  51  -1.563   0.0   0.0
 4.700  277.5  90  27  48  -1.563   0.0   0.0
 4.700  260.0 -90  27  48   1.563   0.0   0.0
 4.700  265.0 -90  27  54  -1.563   0.0   0.0
 4.700  267.5 -90  27  54  -1.563   0.0   0.0
 4.750  262.5  90  27  48   1.563   0.0   0.0
 4.750  272.5  90  27  48  -1.563   0.0   0.0
 4.750  277.5  90  27  48  -1.563   0.0   0.0
 4.750  272.5 -90  27  48  -1.563   0.0   0.0
 4.800  265.0  90  27  54   1.563   0.0   0.0
 4.800  267.5  90  27  51  -1.563   0.0   0.0
 4.800  270.0  90  27  48   1.563   0.0   0.0
 4.800  277.5  90  27  54  -1.563   0.0   0.0
 4.800  265.0 -90  27  48   1.563   0.0   0.0
 4.800  270.0 -90  27  48   1.563   0.0   0.0
 4.850  262.5  90  27  48   1.563   0.0   0.0
 4.850  265.0  90  27  48   1.563   0.0   0.0
 4.850  267.5  90  27  51   1.563   0.0   0.0
 4.850  272.5  90  27  48   1.563   0.0   0.0
 4.850  275.0  90  27  51   1.563   0.0   0.0
 4.850  297.5  90  27  48  -1.563   0.0   0.0
 4.850  265.0 -90  27  48  -1.563   0.0   0.0
 4.900  275.0  90  27  51   1.563   0.0   0.0
 4.900  277.5  90  27  54   1.563   0.0   0.0
 4.950  270.0  90  27  51   1.563   0.0   0.0
 4.950  272.5  90  27  51   1.563   0.0   0.0
 4.950  280.0  90  27  48   1.563   0.0   0.0
 4.950  282.5  90  27  51   1.563   0.0   0.0
 4.950  285.0  90  27  48   1.563   0.0   0.0
 5.000  270.0  90  27  48   1.563   0.0   0.0
 5.000  282.5  90  27  51   1.563   0.0   0.0
 5.000  285.0  90  27  51   1.563   0.0   0.0
 5.000  287.5  90  27  48  -1.563   0.0   0.0
 5.000  265.0 -90  27  48   1.563   0.0   0.0
 5.050  282.5  90  30  51   1.563   0.0   0.0
 5.050  285.0  90  30  54   1.563   0.0   0.0
 5.050  287.5  90  30  51   1.563   0.0   0.0
 5.050  290.0  90  30  51  -1.563   0.0   0.0
 5.050  270.0 -90  27  48   1.563   0.0   0.0
 5.100  285.0  90  30  51   1.563   0.0   0.0
 5.100  287.5  90  30  54   1.563   0.0   0.0
 5.100  292.5  90  30  51   1.563   0.0   0.0
 5.100  272.5 -90  30  51   1.563   0.0   0.0
 5.150  285.0  90  30  51   1.563   0.0   0.0
 5.150  292.5  90  30  57   1.563   0.0   0.0
 5.150  297.5  90  30  54  -1.563   0.0   0.0
 5.150  267.5 -90  27  48   1.563   0.0   0.0
 5.150  275.0 -90  27  48  -1.563   0.0   0.0
 5.150  277.5 -90  27  51  -1.563   0.0   0.0
 5.200  272.5  90  27  48   1.563   0.0   0.0
 5.200  275.0  90  27  48   1.563   0.0   0.0
 5.200  280.0  90  27  51   1.563   0.0   0.0
 5.200  282.5  90  27  48   1.563   0.0   0.0
 5.200  285.0  90  27  51   1.563   0.0   0.0
 5.200  287.5  90  27  51   1.563   0.0   0.0
 5.200  297.5  90  27  48   1.563   0.0   0.0
 5.200  302.5  90  27  48  -1.563   0.0   0.0
 5.200  267.5 -90  27  51   1.563   0.0   0.0
 5.200  272.5 -90  27  48   1.563   0.0   0.0
 5.200  275.0 -90  27  48   1.563   0.0   0.0
 5.200  277.5 -90  27  48   1.563   0.0   0.0
 5.250  282.5  90  27  51   1.563   0.0   0.0
 5.250  287.5  90  27  51  -1.563   0.0   0.0
 5.250  290.0  90  27  51   1.563   0.0   0.0
 5.250  292.5  90  27  48   1.563   0.0   0.0
 5.250  297.5  90  27  57   1.563   0.0   0.0
 5.250  300.0  90  27  57   1.563   0.0   0.0
 5.250  307.5  90  27  48  -1.563   0.0   0.0
 5.250  272.5 -90  27  48  -1.563   0.0   0.0
 5.300  287.5  90  27  48   1.563   0.0   0.0
 5.300  292.5  90  27  48   1.563   0.0   0.0
 5.300  295.0  90  27  54   1.563   0.0   0.0
 5.300  300.0  90  27  57   1.563   0.0   0.0
 5.300  302.5  90  27  57   1.563   0.0   0.0
 5.300  305.0  90  27  51  -1.563   0.0   0.0
 5.300  272.5 -90  27  48   1.563   0.0   0.0
 5.350  305.0  90  27  51  -1.563   0.0   0.0
 5.350  307.5  90  27  51  -1.563   0.0   0.0
 5.350  270.0 -90  27  51   1.563   0.0   0.0
 5.350  272.5 -90  27  48   1.563   0.0   0.0
 5.350  277.5 -90  27  48  -1.563   0.0   0.0
 5.350  280.0 -90  27  48  -1.563   0.0   0.0
 5.350  285.0 -90  27  48  -1.563   0.0   0.0
 5.400  297.5  90  27  48   1.563   0.0   0.0
 5.400  300.0  90  27  48   1.563   0.0   0.0
 5.400  307.5  90  27  48   1.563   0.0   0.0
 5.400  310.0  90  27  57   1.563   0.0   0.0
 5.400  275.0 -90  27  48   1.563   0.0   0.0
 5.450  312.5  90  27  54   1.563   0.0   0.0
 5.450  315.0  90  27  54   1.563   0.0   0.0
 5.450  325.0  90  27  48  -1.563   0.0   0.0
 5.450  272.5 -90  27  48   1.563   0.0   0.0
 5.600  300.0  90  30  51   1.563   0.0   0.0
 5.600  302.5  90  30  54   1.563   0.0   0.0
 5.600  315.0  90  30  51  -1.563   0.0   0.0
 5.600  317.5  90  30  51   1.563   0.0   0.0
 5.600  325.0  90  30  51   1.563   0.0   0.0
 5.600  277.5 -90  30  51   1.563   0.0   0.0
 5.600  280.0 -90  30  57   1.563   0.0   0.0
 5.600  282.5 -90  30  57   1.563   0.0   0.0
 5.600  285.0 -90  30  54   1.563   0.0   0.0
 5.650  305.0  90  27  51   1.563   0.0   0.0
 5.650  307.5  90  27  48   1.563   0.0   0.0
 5.650  322.5  90  27  48  -1.563   0.0   0.0
 5.650  337.5  90  27  48  -1.563   0.0   0.0
 5.650  342.5  90  27  51  -1.563   0.0   0.0
 5.650  345.0  90  27  51  -1.563   0.0   0.0
 5.650  347.5  90  27  51  -1.563   0.0   0.0
 5.650  272.5 -90  27  48   1.563   0.0   0.0
 5.650  280.0 -90  27  51   1.563   0.0   0.0
 5.650  282.5 -90  27  54   1.563   0.0   0.0
 5.650  285.0 -90  27  51   1.563   0.0   0.0
 5.650  287.5 -90  27  57   1.563   0.0   0.0
 5.650  290.0 -90  27  54   1.563   0.0   0.0
 5.650  305.0 -90  27  48  -1.563   0.0   0.0
 5.650  307.5 -90  27  48  -1.563   0.0   0.0
 5.700  330.0  90  27  51   1.563   0.0   0.0
 5.700  335.0  90  27  48   1.563   0.0   0.0
 5.700  342.5  90  27  48  -1.563   0.0   0.0
 5.700  345.0  90  27  48   1.563   0.0   0.0
 5.700  350.0  90  27  48  -1.563   0.0   0.0
 5.700  352.5  90  27  48  -1.563   0.0   0.0
 5.700  277.5 -90  27  48   1.563   0.0   0.0
 5.700  280.0 -90  27  48   1.563   0.0   0.0
 5.700  282.5 -90  27  51   1.563   0.0   0.0
 5.700  285.0 -90  27  51   1.563   0.0   0.0
 5.700  287.5 -90  27  51   1.563   0.0   0.0
 5.700  290.0 -90  27  54   1.563   0.0   0.0
 5.700  292.5 -90  27  48  -1.563   0.0   0.0
 5.700  312.5 -90  27  48  -1.563   0.0   0.0
 5.750  312.5  90  27  51   1.563   0.0   0.0
 5.750  317.5  90  27  48   1.563   0.0   0.0
 5.750  340.0  90  27  51   1.563   0.0   0.0
 5.750  365.0  90  27  48  -1.563   0.0   0.0
 5.750  280.0 -90  27  48   1.563   0.0   0.0
 5.750  282.5 -90  27  54   1.563   0.0   0.0
 5.750  285.0 -90  27  51   1.563   0.0   0.0
 5.750  292.5 -90  27  54  -1.563   0.0   0.0
 5.800  355.0  90  27  48   1.563   0.0   0.0
 5.800  360.0  90  27  48   1.563   0.0   0.0
 5.800  287.5 -90  27  51   1.563   0.0   0.0
 5.800  290.0 -90  27  54   1.563   0.0   0.0
 5.800  292.5 -90  27  48   1.563   0.0   0.0
 5.800  295.0 -90  27  51   1.563   0.0   0.0
 5.850  285.0 -90  27  48   1.563   0.0   0.0
 5.850  292.5 -90  27  48  -1.563   0.0   0.0
 5.900  285.0 -90  27  48   1.563   0.0   0.0
 5.900  300.0 -90  27  48  -1.563   0.0   0.0
 5.950  285.0 -90  27  54   1.563   0.0   0.0
 5.950  287.5 -90  27  48   1.563   0.0   0.0
 5.950  297.5 -90  27  51   1.563   0.0   0.0
 5.950  300.0 -90  27  51   1.563   0.0   0.0
 6.050  307.5 -90  30  51  -1.563   0.0   0.0
 6.050  310.0 -90  30  51  -1.563   0.0   0.0
 6.100  295.0 -90  27  48   1.563   0.0   0.0
 6.100  297.5 -90  27  51   1.563   0.0   0.0
 6.100  307.5 -90  27  51   1.563   0.0   0.0
 6.100  310.0 -90  27  51  -1.563   0.0   0.0
 6.150  307.5 -90  30  51   1.563   0.0   0.0
 6.250  317.5 -90  30  57   1.563   0.0   0.0
 6.250  320.0 -90  30  51   1.563   0.0   0.0
 6.250  322.5 -90  30  51   1.563   0.0   0.0
 6.300  302.5 -90  27  54   1.563   0.0   0.0
 6.300  305.0 -90  27  54   1.563   0.0   0.0
 6.300  307.5 -90  27  51   1.563   0.0   0.0
 6.300  320.0 -90  27  48   1.563   0.0   0.0
 6.300  325.0 -90  27  48   1.563   0.0   0.0
 6.300  327.5 -90  27  51  -1.563   0.0   0.0
 6.300  330.0 -90  27  51  -1.563   0.0   0.0
 6.350  307.5 -90  30  51   1.563   0.0   0.0
 6.350  317.5 -90  30  54  -1.563   0.0   0.0
 6.350  330.0 -90  30  57  -1.563   0.0   0.0
 6.350  332.5 -90  30  51   1.563   0.0   0.0
 6.400  317.5 -90  30  51   1.563   0.0   0.0
 6.400  320.0 -90  30  54   1.563   0.0   0.0
 6.400  322.5 -90  30  54   1.563   0.0   0.0
 6.400  330.0 -90  30  51  -1.563   0.0   0.0
 6.400  335.0 -90  30  51   1.563   0.0   0.0
 6.400  337.5 -90  30  54  -1.563   0.0   0.0
 6.400  340.0 -90  30  54   1.563   0.0   0.0
 6.450  330.0 -90  27  48  -1.563   0.0   0.0
 6.450  335.0 -90  27  51   1.563   0.0   0.0
 6.450  340.0 -90  27  51  -1.563   0.0   0.0
 6.450  342.5 -90  27  48  -1.563   0.0   0.0
 6.450  345.0 -90  27  48  -1.563   0.0   0.0
 6.500  330.0 -90  30  51  -1.563   0.0   0.0
 6.500  335.0 -90  30  51   1.563   0.0   0.0
 6.500  352.5 -90  30  51  -1.563   0.0   0.0
 6.500  355.0 -90  30  54  -1.563   0.0   0.0
 6.600  355.0 -90  30  51  -1.563   0.0   0.0
 6.750  372.5 -90  30  51  -1.563   0.0   0.0
 6.750  375.0 -90  30  51  -1.563   0.0   0.0