2012.06.16 (168) 10:00:11.000
Station name: Zhong Shan
URSI code: ZS36R
Ionosonde model: DPS-4D
  Freq  Range Pol MPA Amp Doppler    Az    Zn  PGH
 0.600  180.0 -90  51  60   2.344 150.0  30.0  182
 0.850 1180.0  90  39  48   2.344 150.0  30.0 1175
 0.900 1172.5 -90  42  51   5.469 150.0  30.0 1175
 0.950  727.5  90  39  48  -3.906 150.0  30.0  730
 0.950  735.0  90  39  48  -0.781 150.0  30.0  741
 0.950  745.0  90  39  48  -0.781 150.0  30.0  753
 0.950  772.5  90  39  48  -5.469 150.0  30.0  771
 1.150  345.0  90  42  51  -3.906 150.0  30.0  340
 1.150  347.5  90  42  51  -5.469 150.0  30.0  346
 1.150  140.0 -90  42  51   3.906 150.0  30.0  141
 1.350  477.5 -90  36  45  -3.906 150.0  30.0  474
 1.350  502.5 -90  36  45   0.781 150.0  30.0  489
 1.350 1162.5 -90  36  45  -3.906 150.0  30.0 1153
 1.350 1212.5 -90  36  45   5.469 150.0  30.0 1219
 1.500   87.5  90  33  42  -5.469 210.0  30.0   74
 1.550 1230.0  90  30  39   2.344 210.0  30.0 1217
 1.650  770.0  90  33  42   2.344 150.0  30.0  760
 1.650  735.0 -90  33  42   0.781 150.0  30.0  745
 2.050  110.0  90  30  39  -0.781   0.0   0.0  110
 2.150  107.5  90  30  42  -0.781   0.0   0.0  108
 2.150  110.0  90  30  42  -0.781 270.0  30.0  110
 2.150  112.5  90  30  45  -0.781   0.0   0.0  112
 2.150  107.5 -90  27  42  -0.781 210.0  30.0  107
 2.150  110.0 -90  27  42  -0.781  30.0  30.0  110
 2.150  112.5 -90  27  45  -0.781  90.0  30.0  112
 2.150  115.0 -90  27  36  -0.781  90.0  30.0  115
 2.200  110.0 -90  33  42  -0.781  30.0  30.0  110
 2.250  107.5  90  30  42   0.781   0.0   0.0  106
 2.250  110.0  90  30  39  -0.781   0.0   0.0  109
 2.250  112.5  90  30  39  -0.781 270.0  30.0  112
 2.250  115.0  90  30  39  -0.781 270.0  30.0  114
 2.250  107.5 -90  30  42   0.781  30.0  30.0  104
 2.250  112.5 -90  30  42  -0.781  90.0  30.0  113
 2.300  107.5  90  30  48   0.781   0.0   0.0  106
 2.300  110.0  90  30  48  -0.781   0.0   0.0  109
 2.300  112.5  90  30  42  -0.781 210.0  30.0  111
 2.300  115.0  90  30  39  -0.781 270.0  30.0  113
 2.300  117.5  90  30  39  -0.781 150.0  30.0  112
 2.300  107.5 -90  30  45   0.781  30.0  30.0  107
 2.300  110.0 -90  30  42  -0.781  30.0  30.0  110
 2.350  107.5  90  30  45   0.781   0.0   0.0  105
 2.350  107.5 -90  30  42   0.781  30.0  30.0  106
 2.400  110.0  90  30  42   0.781   0.0   0.0  107
 2.400  120.0  90  30  39  -0.781   0.0   0.0  119
 2.400  110.0 -90  30  39   0.781  30.0  30.0  110
 2.450  105.0  90  27  36  -0.781   0.0   0.0   95
 2.450  107.5  90  27  45  -0.781   0.0   0.0   96
 2.450  110.0  90  27  48   0.781   0.0   0.0   97
 2.450  112.5  90  27  48   0.781   0.0   0.0  101
 2.450  115.0  90  27  45   0.781   0.0   0.0  106
 2.450  117.5  90  27  39   0.781 270.0  30.0  104
 2.450  122.5  90  27  39  -2.344 270.0  30.0  116
 2.450  107.5 -90  27  36  -0.781  30.0  30.0   98
 2.450  110.0 -90  27  39   0.781  30.0  30.0   99
 2.450  115.0 -90  27  36   0.781 150.0  30.0  106
 2.500  112.5  90  27  42  -0.781   0.0   0.0  112
 2.500  115.0  90  27  42  -0.781   0.0   0.0  112
 2.500  115.0 -90  27  39  -0.781 150.0  30.0  111
 2.500  527.5 -90  27  36  -2.344   0.0   0.0  523
 2.550  107.5  90  30  42   0.781   0.0   0.0  106
 2.550  110.0  90  30  42   0.781   0.0   0.0  108
 2.550  115.0  90  30  39   0.781   0.0   0.0  113
 2.550  107.5 -90  30  39   0.781  30.0  30.0  108
 2.550  110.0 -90  30  39   0.781  30.0  30.0  107
 2.600  107.5  90  27  36   0.781   0.0   0.0  106
 2.600  110.0  90  27  36   0.781   0.0   0.0  107
 2.600  112.5  90  27  39   0.781   0.0   0.0  109
 2.600  115.0  90  27  42   2.344   0.0   0.0  112
 2.600  110.0 -90  27  36   0.781  30.0  30.0  107
 2.650  107.5  90  27  42   0.781   0.0   0.0  106
 2.650  110.0  90  27  39   0.781   0.0   0.0  107
 2.650  115.0  90  27  36   3.906   0.0   0.0  111
 2.700  107.5  90  27  39   0.781   0.0   0.0  106
 2.700  110.0  90  27  39   0.781   0.0   0.0  109
 2.700  115.0  90  27  48   2.344   0.0   0.0  111
 2.700  115.0 -90  27  42   2.344  30.0  30.0  111
 2.750  107.5  90  30  42   0.781   0.0   0.0  106
 2.750  112.5  90  30  39   0.781 210.0  30.0  110
 2.750  115.0  90  30  45   2.344   0.0   0.0  112
 2.750  145.0  90  30  39  -0.781   0.0   0.0  144
 2.750  115.0 -90  30  39   2.344  90.0  30.0  113
 2.800  107.5  90  30  42   0.781   0.0   0.0  108
 2.800  110.0  90  30  42   0.781   0.0   0.0  108
 2.800  112.5  90  30  42   0.781   0.0   0.0  113
 2.800  115.0  90  30  51   0.781   0.0   0.0  112
 2.800  117.5  90  30  39   0.781   0.0   0.0  113
 2.800  142.5  90  30  39  -0.781 330.0  30.0  144
 2.800  147.5  90  30  42  -0.781 330.0  30.0  148
 2.800  150.0  90  30  42  -0.781 330.0  30.0  150
 2.800  110.0 -90  30  39   0.781 270.0  30.0  105
 2.800  115.0 -90  30  48   0.781  90.0  30.0  111
 2.800  147.5 -90  30  39  -0.781  30.0  30.0  147
 2.850  110.0  90  27  42   0.781   0.0   0.0  107
 2.850  115.0  90  27  57   0.781   0.0   0.0  112
 2.850  117.5  90  27  48   0.781   0.0   0.0  112
 2.850  145.0  90  27  45   0.781 330.0  30.0  142
 2.850  185.0  90  27  42   5.469  30.0  30.0  178
 2.850  202.5  90  27  36  -3.906  30.0  30.0  192
 2.850  110.0 -90  27  39   0.781  30.0  30.0  105
 2.850  112.5 -90  27  39   0.781  90.0  30.0  111
 2.850  115.0 -90  27  54   0.781  90.0  30.0  112
 2.850  117.5 -90  27  51   0.781  90.0  30.0  113
 2.850  145.0 -90  27  39   2.344 330.0  30.0  139
 2.900  110.0  90  27  42   0.781   0.0   0.0  106
 2.900  112.5  90  27  36   0.781   0.0   0.0  114
 2.900  115.0  90  27  48   2.344   0.0   0.0  112
 2.900  117.5  90  27  48   2.344   0.0   0.0  112
 2.900  135.0  90  27  36  -5.469 330.0  30.0  127
 2.900  137.5  90  27  36  -5.469  30.0  30.0  124
 2.900  140.0  90  27  39  -5.469 330.0  30.0  129
 2.900  145.0  90  27  39   3.906 330.0  30.0  137
 2.900  147.5  90  27  42   5.469 330.0  30.0  139
 2.900  150.0  90  27  36   5.469 330.0  30.0  138
 2.900  160.0  90  27  36   5.469   0.0   0.0  152
 2.900  162.5  90  27  36   5.469   0.0   0.0  154
 2.900  170.0  90  27  36  -5.469 330.0  30.0  155
 2.900  182.5  90  27  36   3.906  30.0  30.0  175
 2.900  185.0  90  27  42   3.906  30.0  30.0  178
 2.900  187.5  90  27  36   2.344   0.0   0.0  184
 2.900  197.5  90  27  36  -5.469  30.0  30.0  188
 2.900  110.0 -90  27  45   0.781  90.0  30.0  107
 2.900  115.0 -90  27  45   2.344  90.0  30.0  112
 2.900  117.5 -90  27  48   0.781  90.0  30.0  114
 2.900  147.5 -90  27  39   3.906 330.0  30.0  141
 2.900  150.0 -90  27  36   5.469 330.0  30.0  139
 2.900  152.5 -90  27  36   5.469  30.0  30.0  145
 2.900  185.0 -90  27  36   3.906  30.0  30.0  179
 2.950  110.0  90  30  42   0.781   0.0   0.0  107
 2.950  115.0  90  30  39   0.781   0.0   0.0  116
 2.950  117.5  90  30  48   2.344   0.0   0.0  114
 2.950  150.0  90  30  39   2.344 330.0  30.0  145
 2.950  180.0  90  30  42  -5.469  30.0  30.0  172
 2.950  182.5  90  30  39  -5.469  30.0  30.0  171
 2.950  185.0  90  30  39   0.781  30.0  30.0  183
 2.950  187.5  90  30  39  -0.781  30.0  30.0  188
 2.950  190.0  90  30  39   0.781  30.0  30.0  187
 2.950  192.5  90  30  39   0.781  30.0  30.0  191
 2.950  110.0 -90  27  42   0.781  90.0  30.0  108
 2.950  115.0 -90  27  39   0.781  90.0  30.0  114
 2.950  117.5 -90  27  48   2.344  90.0  30.0  114
 2.950  145.0 -90  27  36   2.344 330.0  30.0  140
 2.950  150.0 -90  27  36   2.344  30.0  30.0  145
 2.950  180.0 -90  27  36  -5.469  30.0  30.0  171
 2.950  185.0 -90  27  39  -0.781 330.0  30.0  183
 2.950  187.5 -90  27  36   0.781  30.0  30.0  195
 2.950  190.0 -90  27  36   0.781  30.0  30.0  188
 2.950  192.5 -90  27  36   0.781 330.0  30.0  194
 3.000  110.0  90  30  45   0.781   0.0   0.0  109
 3.000  112.5  90  30  39   0.781   0.0   0.0  109
 3.000  117.5  90  30  45   0.781   0.0   0.0  115
 3.000  122.5  90  30  39   0.781   0.0   0.0  122
 3.000  125.0  90  30  42   2.344   0.0   0.0  123
 3.000  152.5  90  30  39   3.906 330.0  30.0  147
 3.000  155.0  90  30  42   3.906   0.0   0.0  149
 3.000  182.5  90  30  42   3.906  30.0  30.0  177
 3.000  185.0  90  30  42   3.906  30.0  30.0  179
 3.000  187.5  90  30  42   3.906  30.0  30.0  181
 3.000  190.0  90  30  42   5.469  30.0  30.0  182
 3.000  110.0 -90  30  45   0.781  30.0  30.0  109
 3.000  112.5 -90  30  39   0.781  30.0  30.0  111
 3.000  115.0 -90  30  39   0.781  30.0  30.0  113
 3.000  117.5 -90  30  48   0.781  30.0  30.0  115
 3.000  125.0 -90  30  39   2.344  30.0  30.0  122
 3.000  130.0 -90  30  39   0.781  90.0  30.0  124
 3.000  150.0 -90  30  39   2.344  90.0  30.0  146
 3.000  155.0 -90  30  39   3.906  30.0  30.0  150
 3.000  182.5 -90  30  39   5.469  30.0  30.0  176
 3.000  185.0 -90  30  39   3.906  30.0  30.0  177
 3.000  187.5 -90  30  39   5.469  30.0  30.0  180
 3.000  190.0 -90  30  42   5.469  30.0  30.0  182
 3.000  242.5 -90  30  39   2.344  30.0  30.0  239
 3.050  110.0  90  30  45   0.781   0.0   0.0  111
 3.050  112.5  90  30  48   0.781   0.0   0.0  111
 3.050  115.0  90  30  42   2.344   0.0   0.0  113
 3.050  125.0  90  30  42   0.781   0.0   0.0  123
 3.050  127.5  90  30  42   2.344   0.0   0.0  124
 3.050  160.0  90  30  42   3.906   0.0   0.0  154
 3.050  177.5  90  30  39   5.469  30.0  30.0  170
 3.050  180.0  90  30  42  -5.469  30.0  30.0  171
 3.050  182.5  90  30  48  -5.469  30.0  30.0  173
 3.050  185.0  90  30  45  -5.469   0.0   0.0  175
 3.050  187.5  90  30  42  -3.906   0.0   0.0  177
 3.050  190.0  90  30  45  -3.906  30.0  30.0  178
 3.050  192.5  90  30  39  -3.906  30.0  30.0  182
 3.050  110.0 -90  30  42   0.781  30.0  30.0  111
 3.050  112.5 -90  30  45   0.781  30.0  30.0  110
 3.050  115.0 -90  30  42   2.344  30.0  30.0  113
 3.050  117.5 -90  30  39   2.344  30.0  30.0  113
 3.050  125.0 -90  30  42   0.781  30.0  30.0  123
 3.050  127.5 -90  30  39   2.344  30.0  30.0  124
 3.050  160.0 -90  30  39   3.906  90.0  30.0  154
 3.050  182.5 -90  30  45  -5.469  30.0  30.0  173
 3.050  185.0 -90  30  45  -5.469  30.0  30.0  176
 3.050  190.0 -90  30  45  -3.906  90.0  30.0  180
 3.100  112.5  90  30  54  -0.781   0.0   0.0  113
 3.100  115.0  90  30  48  -0.781   0.0   0.0  114
 3.100  117.5  90  30  39   0.781   0.0   0.0  116
 3.100  165.0  90  30  42   2.344 270.0  30.0  175
 3.100  175.0  90  30  42   5.469  30.0  30.0  169
 3.100  177.5  90  30  45  -5.469  30.0  30.0  169
 3.100  180.0  90  30  39   5.469  30.0  30.0  172
 3.100  182.5  90  30  48  -5.469   0.0   0.0  174
 3.100  185.0  90  30  48  -5.469  30.0  30.0  175
 3.100  187.5  90  30  45  -5.469  30.0  30.0  177
 3.100  190.0  90  30  45  -3.906  30.0  30.0  179
 3.100  192.5  90  30  39  -3.906  30.0  30.0  180
 3.100  240.0  90  30  39   0.781  90.0  30.0  237
 3.100  112.5 -90  27  48  -0.781  90.0  30.0  113
 3.100  115.0 -90  27  45  -0.781  90.0  30.0  114
 3.100  117.5 -90  27  39   0.781  90.0  30.0  113
 3.100  165.0 -90  27  39   2.344  30.0  30.0  175
 3.100  175.0 -90  27  39   5.469  90.0  30.0  166
 3.100  177.5 -90  27  39   5.469  90.0  30.0  169
 3.100  182.5 -90  27  42  -5.469  90.0  30.0  173
 3.100  185.0 -90  27  42  -5.469  90.0  30.0  176
 3.100  187.5 -90  27  39  -3.906  90.0  30.0  179
 3.100  190.0 -90  27  39  -3.906  30.0  30.0  181
 3.100  192.5 -90  27  36  -3.906  30.0  30.0  178
 3.100  207.5 -90  27  36   3.906  90.0  30.0  205
 3.100  240.0 -90  27  36   0.781 330.0  30.0  239
 3.150  112.5  90  27  39   0.781   0.0   0.0  114
 3.150  115.0  90  27  48  -2.344   0.0   0.0  117
 3.150  165.0  90  27  42   3.906 330.0  30.0  176
 3.150  167.5  90  27  36   3.906   0.0   0.0  177
 3.150  172.5  90  27  39  -5.469  30.0  30.0  166
 3.150  175.0  90  27  36   5.469  30.0  30.0  168
 3.150  177.5  90  27  42   5.469   0.0   0.0  168
 3.150  180.0  90  27  36   5.469   0.0   0.0  169
 3.150  182.5  90  27  42  -5.469   0.0   0.0  172
 3.150  185.0  90  27  39  -3.906   0.0   0.0  176
 3.150  187.5  90  27  39  -3.906  30.0  30.0  175
 3.150  190.0  90  27  36  -5.469  30.0  30.0  183
 3.150  192.5  90  27  36   2.344 330.0  30.0  203
 3.150  230.0  90  27  36   3.906  30.0  30.0  223
 3.150  232.5  90  27  36   5.469  90.0  30.0  225
 3.150  242.5  90  27  36   2.344  90.0  30.0  239
 3.150  250.0  90  27  36  -3.906   0.0   0.0  244
 3.150  112.5 -90  27  36   0.781  30.0  30.0  111
 3.150  115.0 -90  27  42  -2.344  90.0  30.0  117
 3.150  165.0 -90  27  36   3.906  90.0  30.0  176
 3.150  167.5 -90  27  36   3.906  90.0  30.0  174
 3.150  175.0 -90  27  39  -5.469  90.0  30.0  169
 3.150  177.5 -90  27  36  -3.906  90.0  30.0  165
 3.150  187.5 -90  27  36  -3.906  30.0  30.0  176
 3.150  190.0 -90  27  36   3.906  30.0  30.0  197
 3.200  115.0  90  30  51  -2.344   0.0   0.0  117
 3.200  117.5  90  30  42  -2.344   0.0   0.0  117
 3.200  167.5  90  30  42   3.906   0.0   0.0  177
 3.200  175.0  90  30  48  -3.906  30.0  30.0  165
 3.200  177.5  90  30  48  -3.906  30.0  30.0  166
 3.200  180.0  90  30  48  -5.469   0.0   0.0  191
 3.200  182.5  90  30  48  -3.906   0.0   0.0  187
 3.200  185.0  90  30  39  -3.906   0.0   0.0  187
 3.200  187.5  90  30  42  -5.469   0.0   0.0  194
 3.200  205.0  90  30  39  -5.469   0.0   0.0  196
 3.200  212.5  90  30  39   5.469   0.0   0.0  205
 3.200  217.5  90  30  39   2.344  30.0  30.0  211
 3.200  237.5  90  30  42   2.344  90.0  30.0  234
 3.200  240.0  90  30  45   2.344  90.0  30.0  236
 3.200  242.5  90  30  39   2.344  90.0  30.0  238
 3.200  247.5  90  30  39   3.906  90.0  30.0  241
 3.200  115.0 -90  30  45  -2.344  90.0  30.0  117
 3.200  117.5 -90  30  39  -2.344  90.0  30.0  118
 3.200  175.0 -90  30  42  -3.906  90.0  30.0  166
 3.200  177.5 -90  30  45  -3.906  90.0  30.0  168
 3.200  182.5 -90  30  39  -2.344  30.0  30.0  185
 3.200  185.0 -90  30  45  -3.906  90.0  30.0  188
 3.200  187.5 -90  30  39  -5.469  30.0  30.0  192
 3.200  240.0 -90  30  42   2.344  90.0  30.0  235
 3.250  115.0  90  30  45  -2.344   0.0   0.0  119
 3.250  117.5  90  30  51  -3.906   0.0   0.0  120
 3.250  122.5  90  30  39  -0.781   0.0   0.0  119
 3.250  172.5  90  30  42  -3.906   0.0   0.0  174
 3.250  175.0  90  30  39  -5.469 330.0  30.0  173
 3.250  177.5  90  30  48  -5.469  30.0  30.0  169
 3.250  180.0  90  30  45  -5.469   0.0   0.0  171
 3.250  185.0  90  30  39  -2.344   0.0   0.0  187
 3.250  205.0  90  30  39  -2.344   0.0   0.0  196
 3.250  212.5  90  30  42   5.469  90.0  30.0  205
 3.250  222.5  90  30  39  -5.469  30.0  30.0  213
 3.250  225.0  90  30  42  -3.906  90.0  30.0  213
 3.250  227.5  90  30  39  -3.906  30.0  30.0  214
 3.250  242.5  90  30  42   3.906  90.0  30.0  237
 3.250  252.5  90  30  42  -5.469   0.0   0.0  245
 3.250  255.0  90  30  42  -5.469  90.0  30.0  245
 3.250  115.0 -90  30  39  -2.344  90.0  30.0  120
 3.250  117.5 -90  30  45  -2.344  90.0  30.0  120
 3.250  172.5 -90  30  39  -3.906  90.0  30.0  176
 3.250  175.0 -90  30  39  -3.906  90.0  30.0  176
 3.250  177.5 -90  30  39  -5.469  90.0  30.0  167
 3.250  180.0 -90  30  39  -3.906  90.0  30.0  171
 3.300  167.5  90  30  39   5.469   0.0   0.0  174
 3.300  177.5  90  30  39  -2.344   0.0   0.0  164
 3.300  202.5  90  30  45   0.781 210.0  30.0  217
 3.300  205.0  90  30  45   0.781 210.0  30.0  218
 3.300  220.0  90  30  45   5.469  90.0  30.0  213
 3.300  222.5  90  30  39   5.469  90.0  30.0  215
 3.300  230.0  90  30  42   5.469  90.0  30.0  222
 3.300  232.5  90  30  39   5.469  30.0  30.0  226
 3.300  235.0  90  30  39   5.469  30.0  30.0  226
 3.300  185.0 -90  30  39  -3.906  90.0  30.0  183
 3.300  187.5 -90  30  42  -3.906  90.0  30.0  181
 3.300  202.5 -90  30  42   0.781  30.0  30.0  216
 3.300  205.0 -90  30  39   0.781  30.0  30.0  219
 3.350  127.5  90  27  36   0.781   0.0   0.0  126
 3.350  167.5  90  27  42   5.469   0.0   0.0  175
 3.350  170.0  90  27  39   5.469   0.0   0.0  178
 3.350  172.5  90  27  36   3.906   0.0   0.0  171
 3.350  180.0  90  27  36  -2.344   0.0   0.0  168
 3.350  185.0  90  27  39  -5.469   0.0   0.0  189
 3.350  190.0  90  27  36   3.906   0.0   0.0  184
 3.350  192.5  90  27  42   5.469   0.0   0.0  184
 3.350  197.5  90  27  39   0.781 210.0  30.0  211
 3.350  200.0  90  27  36   0.781 210.0  30.0  213
 3.350  202.5  90  27  36   0.781 210.0  30.0  216
 3.350  205.0  90  27  36  -2.344   0.0   0.0  214
 3.350  207.5  90  27  39  -5.469   0.0   0.0  201
 3.350  210.0  90  27  36  -3.906   0.0   0.0  201
 3.350  212.5  90  27  36  -3.906 270.0  30.0  204
 3.350  220.0  90  27  36   5.469  90.0  30.0  214
 3.350  222.5  90  27  42   5.469  90.0  30.0  215
 3.350  225.0  90  27  36   5.469  90.0  30.0  217
 3.350  227.5  90  27  48  -5.469  30.0  30.0  219
 3.350  230.0  90  27  42  -5.469  90.0  30.0  220
 3.350  232.5  90  27  36  -3.906 270.0  30.0  220
 3.350  235.0  90  27  42  -5.469  90.0  30.0  226
 3.350  237.5  90  27  39  -5.469  90.0  30.0  229
 3.350  240.0  90  27  39  -5.469  30.0  30.0  230
 3.350  242.5  90  27  36  -5.469  30.0  30.0  234
 3.350  245.0  90  27  36   5.469  30.0  30.0  235
 3.350  247.5  90  27  39  -5.469  90.0  30.0  239
 3.350  250.0  90  27  39  -5.469  90.0  30.0  243
 3.350  252.5  90  27  36  -5.469  30.0  30.0  243
 3.350  255.0  90  27  42  -5.469  30.0  30.0  246
 3.350  257.5  90  27  39  -5.469  90.0  30.0  249
 3.350  260.0  90  27  36  -5.469  30.0  30.0  250
 3.350  262.5  90  27  36  -3.906  30.0  30.0  277
 3.350  265.0  90  27  39  -2.344  30.0  30.0  251
 3.350  267.5  90  27  36  -2.344  30.0  30.0  255
 3.350  167.5 -90  30  39   5.469  30.0  30.0  174
 3.350  170.0 -90  30  39  -5.469  30.0  30.0  174
 3.350  182.5 -90  30  39   3.906  90.0  30.0  177
 3.350  192.5 -90  30  39   5.469  90.0  30.0  184
 3.350  212.5 -90  30  39   3.906  30.0  30.0  220
 3.350  215.0 -90  30  39  -3.906  90.0  30.0  204
 3.350  230.0 -90  30  39  -5.469  90.0  30.0  221
 3.350  232.5 -90  30  39  -5.469  90.0  30.0  247
 3.400  177.5  90  30  42   3.906   0.0   0.0  171
 3.400  180.0  90  30  42   5.469   0.0   0.0  172
 3.400  182.5  90  30  39   5.469   0.0   0.0  177
 3.400  185.0  90  30  39   5.469   0.0   0.0  177
 3.400  187.5  90  30  39   5.469   0.0   0.0  180
 3.400  192.5  90  30  42   0.781 210.0  30.0  178
 3.400  195.0  90  30  48  -0.781 210.0  30.0  180
 3.400  197.5  90  30  42   0.781 210.0  30.0  211
 3.400  200.0  90  30  42  -5.469   0.0   0.0  186
 3.400  245.0  90  30  39  -5.469  90.0  30.0  237
 3.400  177.5 -90  30  42   3.906  90.0  30.0  172
 3.400  180.0 -90  30  42   5.469  90.0  30.0  173
 3.400  182.5 -90  30  42   5.469  90.0  30.0  176
 3.400  185.0 -90  30  39   5.469  90.0  30.0  177
 3.400  187.5 -90  30  39   5.469  90.0  30.0  180
 3.400  195.0 -90  30  39  -0.781  30.0  30.0  180
 3.400  197.5 -90  30  42   5.469  90.0  30.0  191
 3.450  187.5  90  30  39   3.906   0.0   0.0  181
 3.450  190.0  90  30  39   2.344   0.0   0.0  192
 3.450  192.5  90  30  48   0.781 210.0  30.0  206
 3.450  207.5  90  30  39  -0.781 210.0  30.0  219
 3.450  220.0  90  30  42  -3.906 210.0  30.0  210
 3.450  222.5  90  30  45  -3.906 210.0  30.0  211
 3.450  225.0  90  30  42  -3.906 210.0  30.0  213
 3.450  180.0 -90  30  39   3.906  90.0  30.0  173
 3.450  182.5 -90  30  39   3.906  90.0  30.0  179
 3.450  187.5 -90  30  39   3.906  90.0  30.0  181
 3.450  190.0 -90  30  39   2.344  90.0  30.0  189
 3.450  192.5 -90  30  42   0.781  90.0  30.0  180
 3.500  192.5  90  30  45  -0.781 210.0  30.0  178
 3.500  195.0  90  30  42  -0.781 210.0  30.0  180
 3.500  197.5  90  30  42  -0.781 210.0  30.0  212
 3.500  215.0  90  30  39  -3.906 210.0  30.0  203
 3.500  217.5  90  30  39  -3.906 210.0  30.0  206
 3.500  225.0  90  30  39  -0.781 210.0  30.0  210
 3.550  197.5  90  30  42   0.781 210.0  30.0  212
 3.550  217.5  90  30  42  -2.344 210.0  30.0  205
 3.550  220.0  90  30  42  -2.344 210.0  30.0  206
 3.550  222.5  90  30  42  -2.344 210.0  30.0  237
 3.550  227.5  90  30  39   0.781 210.0  30.0  240
 3.550  252.5  90  30  39   0.781 330.0  30.0  251
 3.550  292.5  90  30  39   5.469  30.0  30.0  286
 3.550  267.5 -90  30  39   0.781  90.0  30.0  266
 3.550  277.5 -90  30  39   0.781  90.0  30.0  276
 3.550  280.0 -90  30  39   0.781  90.0  30.0  278
 3.600  195.0  90  30  39   0.781 270.0  30.0  180
 3.600  207.5  90  30  39  -2.344 210.0  30.0  194
 3.600  210.0  90  30  39  -2.344 210.0  30.0  199
 3.600  212.5  90  30  39  -2.344 210.0  30.0  199
 3.600  257.5  90  30  39   2.344   0.0   0.0  253
 3.600  265.0  90  30  42   2.344   0.0   0.0  262
 3.650  192.5  90  27  36   2.344 210.0  30.0  202
 3.650  197.5  90  27  39   0.781 210.0  30.0  212
 3.650  200.0  90  27  36   0.781 210.0  30.0  213
 3.650  202.5  90  27  39   2.344 270.0  30.0  215
 3.650  205.0  90  27  42   0.781 210.0  30.0  217
 3.650  207.5  90  27  42   0.781 210.0  30.0  220
 3.650  210.0  90  27  39   0.781 210.0  30.0  223
 3.650  212.5  90  27  36  -0.781 210.0  30.0  200
 3.650  215.0  90  27  36  -0.781 210.0  30.0  201
 3.650  217.5  90  27  42  -0.781 210.0  30.0  203
 3.650  220.0  90  27  39   0.781 210.0  30.0  234
 3.650  227.5  90  27  36  -2.344 210.0  30.0  242
 3.650  252.5  90  27  36   0.781   0.0   0.0  251
 3.650  255.0  90  27  36   0.781   0.0   0.0  252
 3.650  257.5  90  27  39   0.781   0.0   0.0  254
 3.650  260.0  90  27  39   0.781   0.0   0.0  257
 3.650  262.5  90  27  39  -0.781   0.0   0.0  263
 3.650  265.0  90  27  36   0.781   0.0   0.0  263
 3.650  267.5  90  27  36   2.344   0.0   0.0  264
 3.650  292.5  90  27  36   3.906  90.0  30.0  287
 3.650  317.5  90  27  36   2.344 150.0  30.0  315
 3.650  197.5 -90  27  36   0.781  30.0  30.0  183
 3.650  255.0 -90  27  36   0.781  90.0  30.0  255
 3.650  257.5 -90  27  39   0.781  90.0  30.0  256
 3.650  260.0 -90  27  39   0.781  90.0  30.0  257
 3.650  262.5 -90  27  36  -0.781  90.0  30.0  262
 3.650  265.0 -90  27  36   0.781  90.0  30.0  265
 3.650  267.5 -90  27  39   0.781  90.0  30.0  265
 3.650  275.0 -90  27  36   3.906  30.0  30.0  269
 3.700  195.0  90  30  42   0.781 210.0  30.0  209
 3.700  197.5  90  30  48   0.781 210.0  30.0  210
 3.700  202.5  90  30  42   2.344 210.0  30.0  215
 3.700  205.0  90  30  42   2.344 210.0  30.0  217
 3.700  250.0  90  30  39   2.344   0.0   0.0  244
 3.700  252.5  90  30  45  -5.469   0.0   0.0  258
 3.700  292.5  90  30  39   3.906  30.0  30.0  288
 3.700  295.0  90  30  39   3.906  30.0  30.0  288
 3.700  252.5 -90  30  39  -5.469  90.0  30.0  258
 3.750  197.5  90  30  45   2.344 210.0  30.0  208
 3.750  200.0  90  30  45   2.344 210.0  30.0  211
 3.750  202.5  90  30  39   2.344 210.0  30.0  214
 3.750  205.0  90  30  39   2.344 210.0  30.0  217
 3.750  207.5  90  30  39   2.344 210.0  30.0  220
 3.750  210.0  90  30  42   3.906 210.0  30.0  220
 3.750  217.5  90  30  42   2.344 210.0  30.0  227
 3.750  222.5  90  30  39  -0.781 210.0  30.0  236
 3.750  232.5  90  30  42   0.781 210.0  30.0  247
 3.750  237.5  90  30  39   2.344 210.0  30.0  248
 3.750  250.0  90  30  42  -3.906   0.0   0.0  255
 3.750  252.5  90  30  45   5.469   0.0   0.0  260
 3.750  255.0  90  30  39  -3.906   0.0   0.0  258
 3.750  257.5  90  30  39  -5.469   0.0   0.0  262
 3.750  262.5  90  30  39  -3.906   0.0   0.0  264
 3.750  290.0  90  30  42   3.906  90.0  30.0  285
 3.750  295.0  90  30  39   5.469  30.0  30.0  288
 3.750  250.0 -90  30  39  -5.469  90.0  30.0  254
 3.750  252.5 -90  30  39   5.469  90.0  30.0  261
 3.750  255.0 -90  30  39  -3.906  90.0  30.0  258
 3.750  257.5 -90  30  39  -5.469  90.0  30.0  262
 3.800  200.0  90  30  45   5.469 210.0  30.0  209
 3.800  202.5  90  30  48   3.906 210.0  30.0  211
 3.800  205.0  90  30  39   3.906 210.0  30.0  214
 3.800  230.0  90  30  42   2.344 210.0  30.0  241
 3.800  232.5  90  30  42   2.344 210.0  30.0  243
 3.800  250.0  90  30  42   5.469   0.0   0.0  256
 3.800  255.0  90  30  39  -3.906   0.0   0.0  257
 3.800  257.5  90  30  39  -2.344   0.0   0.0  258
 3.800  292.5  90  30  42   5.469  30.0  30.0  284
 3.800  250.0 -90  30  39   5.469  90.0  30.0  258
 3.800  255.0 -90  30  39  -3.906  90.0  30.0  259
 3.850  200.0  90  30  42   5.469 210.0  30.0  207
 3.850  202.5  90  30  48   5.469 210.0  30.0  209
 3.850  207.5  90  30  45  -3.906 210.0  30.0  211
 3.850  210.0  90  30  39  -3.906 210.0  30.0  214
 3.850  227.5  90  30  39   5.469 210.0  30.0  236
 3.850  230.0  90  30  39  -5.469 210.0  30.0  234
 3.850  235.0  90  30  39  -5.469 210.0  30.0  241
 3.850  250.0  90  30  42  -3.906   0.0   0.0  254
 3.850  252.5  90  30  45   5.469   0.0   0.0  259
 3.850  255.0  90  30  45  -5.469   0.0   0.0  260
 3.850  257.5  90  30  39  -3.906   0.0   0.0  262
 3.850  260.0  90  30  39  -3.906   0.0   0.0  263
 3.850  292.5  90  30  39   5.469  30.0  30.0  287
 3.850  202.5 -90  27  36  -5.469  30.0  30.0  209
 3.850  250.0 -90  27  39   5.469  90.0  30.0  260
 3.850  252.5 -90  27  42   5.469  90.0  30.0  259
 3.850  255.0 -90  27  42  -5.469  90.0  30.0  260
 3.850  257.5 -90  27  36  -3.906  90.0  30.0  263
 3.850  260.0 -90  27  36  -2.344  90.0  30.0  263
 3.900  197.5  90  30  39  -5.469 210.0  30.0  204
 3.900  200.0  90  30  45  -5.469 210.0  30.0  206
 3.900  202.5  90  30  39  -5.469 270.0  30.0  209
 3.900  230.0  90  30  39   5.469 210.0  30.0  239
 3.900  232.5  90  30  42   5.469 210.0  30.0  240
 3.900  235.0  90  30  42  -5.469 210.0  30.0  240
 3.900  237.5  90  30  42  -5.469 210.0  30.0  242
 3.900  250.0  90  30  39  -0.781   0.0   0.0  249
 3.900  252.5  90  30  39  -2.344   0.0   0.0  254
 3.900  255.0  90  30  39  -2.344   0.0   0.0  255
 3.900  257.5  90  30  39  -2.344   0.0   0.0  257
 3.900  320.0  90  30  39  -2.344 150.0  30.0  322
 3.950  202.5  90  27  39  -5.469 210.0  30.0  209
 3.950  215.0  90  27  36  -5.469 210.0  30.0  220
 3.950  235.0  90  27  36   3.906 210.0  30.0  245
 3.950  240.0  90  27  36   3.906 210.0  30.0  250
 3.950  250.0  90  27  39  -3.906   0.0   0.0  254
 3.950  252.5  90  27  39  -0.781   0.0   0.0  253
 3.950  255.0  90  27  42  -2.344 270.0  30.0  258
 3.950  257.5  90  27  39  -2.344 270.0  30.0  258
 3.950  260.0  90  27  42  -3.906   0.0   0.0  263
 3.950  262.5  90  27  36  -3.906   0.0   0.0  265
 3.950  292.5  90  27  36   5.469  30.0  30.0  286
 3.950  295.0  90  27  39   5.469  30.0  30.0  289
 3.950  315.0  90  27  39  -0.781 150.0  30.0  316
 3.950  317.5  90  27  39  -0.781 150.0  30.0  317
 3.950  320.0  90  27  39  -0.781 150.0  30.0  321
 3.950  322.5  90  27  36  -2.344 150.0  30.0  326
 3.950  325.0  90  27  36  -0.781 150.0  30.0  325
 3.950  250.0 -90  27  39  -3.906  90.0  30.0  256
 3.950  252.5 -90  27  36  -0.781  90.0  30.0  253
 3.950  255.0 -90  27  42  -2.344  30.0  30.0  257
 3.950  257.5 -90  27  36  -2.344  30.0  30.0  255
 3.950  260.0 -90  27  39  -3.906  90.0  30.0  264
 4.000  252.5  90  30  42  -5.469   0.0   0.0  257
 4.000  255.0  90  30  42  -3.906   0.0   0.0  259
 4.000  257.5  90  30  39  -3.906   0.0   0.0  261
 4.000  260.0  90  30  39  -2.344 270.0  30.0  259
 4.000  262.5  90  30  39  -2.344   0.0   0.0  265
 4.000  320.0  90  30  39   0.781 150.0  30.0  319
 4.000  252.5 -90  27  39  -5.469  90.0  30.0  259
 4.000  255.0 -90  27  36  -3.906  90.0  30.0  259
 4.000  257.5 -90  27  39  -3.906  30.0  30.0  261
 4.000  260.0 -90  27  36  -2.344  30.0  30.0  261
 4.050  252.5  90  27  42  -0.781   0.0   0.0  255
 4.050  255.0  90  27  45  -3.906   0.0   0.0  259
 4.050  257.5  90  27  42  -3.906   0.0   0.0  261
 4.050  260.0  90  27  45  -2.344   0.0   0.0  263
 4.050  262.5  90  27  39  -2.344   0.0   0.0  264
 4.050  265.0  90  27  39  -3.906   0.0   0.0  265
 4.050  292.5  90  27  39   5.469  30.0  30.0  285
 4.050  295.0  90  27  36   5.469  30.0  30.0  286
 4.050  322.5  90  27  36   2.344 150.0  30.0  318
 4.050  325.0  90  27  36  -0.781  90.0  30.0  322
 4.050  327.5  90  27  36  -0.781 150.0  30.0  326
 4.050  252.5 -90  27  36  -2.344  90.0  30.0  255
 4.050  255.0 -90  27  42  -2.344  90.0  30.0  259
 4.050  257.5 -90  27  39  -3.906  90.0  30.0  261
 4.050  260.0 -90  27  42  -2.344  90.0  30.0  262
 4.050  262.5 -90  27  42  -2.344  30.0  30.0  264
 4.100  252.5  90  27  45  -5.469   0.0   0.0  251
 4.100  255.0  90  27  45   5.469   0.0   0.0  255
 4.100  257.5  90  27  42  -2.344   0.0   0.0  254
 4.100  260.0  90  27  42  -2.344   0.0   0.0  254
 4.100  262.5  90  27  45  -2.344   0.0   0.0  258
 4.100  265.0  90  27  39  -2.344 270.0  30.0  261
 4.100  272.5  90  27  39  -0.781 210.0  30.0  267
 4.100  275.0  90  27  36  -0.781 210.0  30.0  266
 4.100  295.0  90  27  36  -5.469   0.0   0.0  307
 4.150  255.0  90  30  45  -5.469   0.0   0.0  261
 4.150  257.5  90  30  45  -3.906   0.0   0.0  261
 4.150  260.0  90  30  51  -5.469   0.0   0.0  265
 4.150  262.5  90  30  39  -3.906   0.0   0.0  265
 4.150  265.0  90  30  39  -3.906   0.0   0.0  268
 4.150  322.5  90  30  39   0.781 150.0  30.0  322
 4.150  327.5  90  30  42  -0.781 150.0  30.0  327
 4.150  255.0 -90  27  39  -5.469  90.0  30.0  260
 4.150  257.5 -90  27  36  -3.906  90.0  30.0  262
 4.150  260.0 -90  27  45  -3.906  90.0  30.0  264
 4.200  252.5  90  30  42   5.469   0.0   0.0  261
 4.200  255.0  90  30  48   5.469   0.0   0.0  263
 4.200  257.5  90  30  54   5.469   0.0   0.0  265
 4.200  260.0  90  30  54  -3.906   0.0   0.0  263
 4.200  262.5  90  30  51   5.469   0.0   0.0  269
 4.200  265.0  90  30  45  -3.906   0.0   0.0  268
 4.200  267.5  90  30  39  -5.469   0.0   0.0  273
 4.200  317.5  90  30  39  -2.344 150.0  30.0  321
 4.200  322.5  90  30  39  -3.906 150.0  30.0  328
 4.200  330.0  90  30  39  -0.781 150.0  30.0  329
 4.200  332.5  90  30  39  -0.781 150.0  30.0  335
 4.200  257.5 -90  30  42  -5.469  90.0  30.0  264
 4.200  260.0 -90  30  42  -5.469  90.0  30.0  264
 4.200  262.5 -90  30  39  -3.906  30.0  30.0  265
 4.250  167.5  90  27  36   2.344 210.0  30.0  177
 4.250  252.5  90  27  36   5.469   0.0   0.0  264
 4.250  255.0  90  27  45  -5.469   0.0   0.0  261
 4.250  257.5  90  27  48  -5.469   0.0   0.0  262
 4.250  260.0  90  27  39  -3.906   0.0   0.0  266
 4.250  262.5  90  27  42  -2.344   0.0   0.0  266
 4.250  265.0  90  27  39  -3.906   0.0   0.0  272
 4.250  267.5  90  27  36  -5.469   0.0   0.0  274
 4.250  297.5  90  27  36  -3.906  30.0  30.0  288
 4.250  302.5  90  27  36   5.469 270.0  30.0  311
 4.250  315.0  90  27  36  -3.906 150.0  30.0  317
 4.250  317.5  90  27  42  -2.344 150.0  30.0  319
 4.250  325.0  90  27  39  -0.781 150.0  30.0  326
 4.250  327.5  90  27  36  -5.469 150.0  30.0  332
 4.250  330.0  90  27  36  -5.469 150.0  30.0  335
 4.250  332.5  90  27  36  -0.781 150.0  30.0  333
 4.250  255.0 -90  27  42  -5.469  90.0  30.0  261
 4.250  257.5 -90  27  42   5.469  90.0  30.0  265
 4.250  260.0 -90  27  36   5.469  90.0  30.0  267
 4.250  262.5 -90  27  39  -2.344  90.0  30.0  265
 4.250  265.0 -90  27  36  -3.906  90.0  30.0  270
 4.250  267.5 -90  27  36  -3.906  30.0  30.0  273
 4.250  270.0 -90  27  36  -3.906  90.0  30.0  273
 4.300  167.5  90  27  36   2.344 210.0  30.0  177
 4.300  257.5  90  27  48  -3.906   0.0   0.0  260
 4.300  260.0  90  27  45   5.469   0.0   0.0  266
 4.300  262.5  90  27  42   3.906   0.0   0.0  271
 4.300  265.0  90  27  48   5.469   0.0   0.0  272
 4.300  267.5  90  27  42  -3.906   0.0   0.0  268
 4.300  270.0  90  27  36   3.906   0.0   0.0  275
 4.300  287.5  90  27  36   3.906 210.0  30.0  297
 4.300  327.5  90  27  36  -5.469 150.0  30.0  331
 4.300  335.0  90  27  36  -3.906 150.0  30.0  338
 4.300 1220.0  90  27  36   5.469   0.0   0.0 1214
 4.300  257.5 -90  27  42  -2.344  90.0  30.0  260
 4.300  260.0 -90  27  36   5.469  90.0  30.0  269
 4.300  262.5 -90  27  36  -5.469  90.0  30.0  266
 4.300  265.0 -90  27  42   5.469  90.0  30.0  272
 4.300  267.5 -90  27  36  -3.906  90.0  30.0  269
 4.350  257.5  90  30  42   5.469   0.0   0.0  269
 4.350  260.0  90  30  48   5.469   0.0   0.0  269
 4.350  262.5  90  30  42   5.469 210.0  30.0  271
 4.350  265.0  90  30  51  -5.469   0.0   0.0  272
 4.350  267.5  90  30  45   5.469   0.0   0.0  275
 4.350  270.0  90  30  51   5.469   0.0   0.0  277
 4.350  272.5  90  30  42   5.469   0.0   0.0  278
 4.350  257.5 -90  27  39  -3.906  90.0  30.0  262
 4.350  260.0 -90  27  42  -3.906  90.0  30.0  263
 4.350  262.5 -90  27  42   5.469  30.0  30.0  270
 4.350  265.0 -90  27  45  -5.469  90.0  30.0  271
 4.350  267.5 -90  27  39  -3.906  90.0  30.0  273
 4.350  270.0 -90  27  42   5.469  90.0  30.0  277
 4.350  272.5 -90  27  36  -5.469  90.0  30.0  279
 4.400  257.5  90  27  51  -5.469   0.0   0.0  264
 4.400  260.0  90  27  45  -5.469   0.0   0.0  263
 4.400  262.5  90  27  42   5.469   0.0   0.0  269
 4.400  265.0  90  27  42  -3.906   0.0   0.0  268
 4.400  267.5  90  27  42   5.469   0.0   0.0  274
 4.400  270.0  90  27  51   5.469   0.0   0.0  277
 4.400  272.5  90  27  51  -5.469   0.0   0.0  278
 4.400  275.0  90  27  39  -5.469   0.0   0.0  279
 4.400  317.5  90  27  39   0.781 150.0  30.0  315
 4.400  320.0  90  27  36   0.781 150.0  30.0  318
 4.400  335.0  90  27  39  -2.344 150.0  30.0  335
 4.400  405.0  90  27  36  -5.469 210.0  30.0  395
 4.400  257.5 -90  27  45  -5.469  90.0  30.0  264
 4.400  260.0 -90  27  42  -5.469  90.0  30.0  263
 4.400  262.5 -90  27  39   5.469  90.0  30.0  268
 4.400  265.0 -90  27  36   5.469  90.0  30.0  272
 4.400  267.5 -90  27  39   5.469 330.0  30.0  275
 4.400  270.0 -90  27  45   5.469  30.0  30.0  277
 4.400  272.5 -90  27  45  -5.469  30.0  30.0  278
 4.400  275.0 -90  27  36  -5.469  30.0  30.0  279
 4.450  260.0  90  27  54  -5.469   0.0   0.0  267
 4.450  262.5  90  27  57  -5.469   0.0   0.0  268
 4.450  265.0  90  27  45  -5.469 270.0  30.0  271
 4.450  267.5  90  27  42  -5.469   0.0   0.0  272
 4.450  270.0  90  27  48  -5.469   0.0   0.0  275
 4.450  272.5  90  27  42  -5.469 270.0  30.0  278
 4.450  350.0  90  27  36   0.781 210.0  30.0  337
 4.450  352.5  90  27  36  -0.781 210.0  30.0  367
 4.450  190.0 -90  27  36  -2.344 210.0  30.0  193
 4.450  260.0 -90  27  48  -5.469  90.0  30.0  267
 4.450  262.5 -90  27  48  -5.469  90.0  30.0  268
 4.450  265.0 -90  27  42  -5.469 330.0  30.0  267
 4.450  267.5 -90  27  39  -5.469 270.0  30.0  272
 4.450  270.0 -90  27  39   5.469  30.0  30.0  275
 4.450  272.5 -90  27  39  -5.469  90.0  30.0  278
 4.500  260.0  90  27  45  -5.469   0.0   0.0  269
 4.500  262.5  90  27  54  -5.469   0.0   0.0  269
 4.500  265.0  90  27  45   5.469   0.0   0.0  269
 4.500  267.5  90  27  48  -5.469   0.0   0.0  272
 4.500  270.0  90  27  54  -5.469   0.0   0.0  276
 4.500  272.5  90  27  39   5.469 270.0  30.0  281
 4.500  320.0  90  27  39  -0.781 150.0  30.0  319
 4.500  327.5  90  27  39  -0.781 150.0  30.0  328
 4.500  350.0  90  27  36  -0.781 150.0  30.0  340
 4.500  192.5 -90  27  39  -3.906 210.0  30.0  196
 4.500  195.0 -90  27  36  -3.906 210.0  30.0  197
 4.500  260.0 -90  27  39  -5.469  90.0  30.0  268
 4.500  262.5 -90  27  48  -5.469  90.0  30.0  269
 4.500  265.0 -90  27  42  -5.469 330.0  30.0  263
 4.500  267.5 -90  27  42  -5.469  90.0  30.0  272
 4.500  270.0 -90  27  48  -5.469  90.0  30.0  276
 4.500  272.5 -90  27  36   5.469  30.0  30.0  278
 4.550  262.5  90  27  51   5.469   0.0   0.0  270
 4.550  265.0  90  27  54  -5.469   0.0   0.0  271
 4.550  267.5  90  27  51  -5.469 270.0  30.0  274
 4.550  270.0  90  27  42  -5.469   0.0   0.0  277
 4.550  272.5  90  27  45  -3.906   0.0   0.0  278
 4.550  275.0  90  27  51   5.469   0.0   0.0  282
 4.550  277.5  90  27  39  -5.469   0.0   0.0  280
 4.550  300.0  90  27  39  -2.344 150.0  30.0  302
 4.550  262.5 -90  27  45   5.469  90.0  30.0  270
 4.550  265.0 -90  27  48  -5.469  90.0  30.0  271
 4.550  267.5 -90  27  45  -5.469 270.0  30.0  274
 4.550  270.0 -90  27  36  -5.469  90.0  30.0  276
 4.550  272.5 -90  27  36  -3.906  90.0  30.0  275
 4.550  275.0 -90  27  42   5.469  30.0  30.0  281
 4.550  297.5 -90  27  36   2.344   0.0   0.0  283
 4.550  322.5 -90  27  42  -5.469  90.0  30.0  312
 4.550  325.0 -90  27  39  -3.906  90.0  30.0  314
 4.600  172.5  90  27  36   0.781 210.0  30.0  185
 4.600  265.0  90  27  51   5.469   0.0   0.0  274
 4.600  267.5  90  27  51   5.469   0.0   0.0  276
 4.600  270.0  90  27  39   5.469  30.0  30.0  275
 4.600  272.5  90  27  45   5.469   0.0   0.0  281
 4.600  275.0  90  27  45  -5.469   0.0   0.0  280
 4.600  277.5  90  27  42  -5.469 210.0  30.0  286
 4.600  280.0  90  27  51  -5.469   0.0   0.0  285
 4.600  285.0  90  27  36   0.781  30.0  30.0  278
 4.600  287.5  90  27  42   0.781 210.0  30.0  273
 4.600  290.0  90  27  42   0.781 210.0  30.0  303
 4.600  292.5  90  27  39   2.344 210.0  30.0  304
 4.600  295.0  90  27  36   2.344 210.0  30.0  306
 4.600  340.0  90  27  36  -3.906 150.0  30.0  344
 4.600  342.5  90  27  36  -2.344 150.0  30.0  346
 4.600  350.0  90  27  36  -2.344 210.0  30.0  339
 4.600  405.0  90  27  36   5.469 210.0  30.0  399
 4.600  265.0 -90  30  45   5.469  90.0  30.0  274
 4.600  267.5 -90  30  45   5.469  90.0  30.0  275
 4.600  275.0 -90  30  39  -5.469  90.0  30.0  281
 4.600  277.5 -90  30  39  -5.469 210.0  30.0  284
 4.600  280.0 -90  30  42  -5.469  90.0  30.0  285
 4.600  285.0 -90  30  39   0.781   0.0   0.0  299
 4.600  287.5 -90  30  39  -2.344 270.0  30.0  273
 4.650  265.0  90  30  48   3.906   0.0   0.0  275
 4.650  267.5  90  30  54   3.906   0.0   0.0  276
 4.650  270.0  90  30  51   5.469   0.0   0.0  277
 4.650  275.0  90  30  48   5.469   0.0   0.0  283
 4.650  277.5  90  30  51   5.469   0.0   0.0  285
 4.650  280.0  90  30  54   5.469   0.0   0.0  287
 4.650  282.5  90  30  42  -5.469   0.0   0.0  289
 4.650  287.5  90  30  42   2.344 210.0  30.0  299
 4.650  290.0  90  30  45   2.344 210.0  30.0  301
 4.650  292.5  90  30  42   2.344 210.0  30.0  304
 4.650  342.5  90  30  39  -2.344 150.0  30.0  350
 4.650  265.0 -90  30  42   3.906  90.0  30.0  274
 4.650  267.5 -90  30  48   3.906 330.0  30.0  272
 4.650  270.0 -90  30  45   5.469  90.0  30.0  277
 4.650  275.0 -90  30  39   5.469  30.0  30.0  283
 4.650  277.5 -90  30  48   5.469 270.0  30.0  285
 4.650  280.0 -90  30  48   5.469  90.0  30.0  287
 4.650  285.0 -90  30  39  -0.781   0.0   0.0  270
 4.700  265.0  90  30  42   5.469   0.0   0.0  273
 4.700  267.5  90  30  51   5.469   0.0   0.0  276
 4.700  270.0  90  30  48   5.469   0.0   0.0  274
 4.700  272.5  90  30  42  -5.469   0.0   0.0  281
 4.700  275.0  90  30  51   5.469   0.0   0.0  282
 4.700  277.5  90  30  54   5.469   0.0   0.0  285
 4.700  280.0  90  30  51   5.469   0.0   0.0  286
 4.700  282.5  90  30  45   5.469   0.0   0.0  291
 4.700  285.0  90  30  42   5.469   0.0   0.0  294
 4.700  287.5  90  30  42   0.781 210.0  30.0  300
 4.700  290.0  90  30  39   3.906 210.0  30.0  299
 4.700  295.0  90  30  39   2.344 210.0  30.0  304
 4.700  297.5  90  30  42   3.906 210.0  30.0  307
 4.700  302.5  90  30  42   3.906 210.0  30.0  312
 4.700  305.0  90  30  39   5.469 210.0  30.0  313
 4.700  347.5  90  30  39  -2.344 210.0  30.0  335
 4.700  350.0  90  30  39  -2.344 150.0  30.0  360
 4.700  267.5 -90  30  45   5.469  90.0  30.0  276
 4.700  270.0 -90  30  42   5.469  90.0  30.0  275
 4.700  275.0 -90  30  42   5.469  90.0  30.0  282
 4.700  277.5 -90  30  48   5.469  90.0  30.0  285
 4.700  280.0 -90  30  42   5.469  90.0  30.0  287
 4.750   85.0  90  27  36  -5.469   0.0   0.0   73
 4.750  267.5  90  27  45  -5.469   0.0   0.0  273
 4.750  270.0  90  27  45   3.906   0.0   0.0  279
 4.750  272.5  90  27  45  -5.469   0.0   0.0  280
 4.750  275.0  90  27  51  -5.469   0.0   0.0  282
 4.750  277.5  90  27  51   5.469   0.0   0.0  284
 4.750  280.0  90  27  48   3.906   0.0   0.0  291
 4.750  282.5  90  27  51  -5.469   0.0   0.0  288
 4.750  285.0  90  27  51  -5.469   0.0   0.0  293
 4.750  287.5  90  27  45   3.906   0.0   0.0  297
 4.750  290.0  90  27  42   2.344 210.0  30.0  301
 4.750  292.5  90  27  36   0.781 210.0  30.0  302
 4.750  310.0  90  27  36  -2.344 150.0  30.0  311
 4.750  317.5  90  27  39   0.781 210.0  30.0  329
 4.750  327.5  90  27  36   2.344 150.0  30.0  329
 4.750  337.5  90  27  36  -5.469   0.0   0.0  347
 4.750  400.0  90  27  39   5.469 210.0  30.0  393
 4.750  402.5  90  27  36  -5.469 210.0  30.0  394
 4.750  552.5  90  27  36   0.781   0.0   0.0  555
 4.750  267.5 -90  27  36  -5.469  90.0  30.0  273
 4.750  270.0 -90  27  39   3.906  90.0  30.0  277
 4.750  272.5 -90  27  36   5.469 270.0  30.0  280
 4.750  275.0 -90  27  42  -5.469  90.0  30.0  281
 4.750  277.5 -90  27  39   5.469  90.0  30.0  283
 4.750  280.0 -90  27  42   3.906  30.0  30.0  290
 4.750  282.5 -90  27  42  -5.469 270.0  30.0  288
 4.750  285.0 -90  27  39   5.469  90.0  30.0  293
 4.750  287.5 -90  27  36   3.906  90.0  30.0  296
 4.750  290.0 -90  27  39   2.344   0.0   0.0  302
 4.750  322.5 -90  27  36  -0.781  90.0  30.0  308
 4.800  270.0  90  30  45  -5.469   0.0   0.0  275
 4.800  272.5  90  30  48  -5.469   0.0   0.0  279
 4.800  275.0  90  30  57  -5.469   0.0   0.0  281
 4.800  277.5  90  30  45   3.906   0.0   0.0  285
 4.800  280.0  90  30  54   5.469   0.0   0.0  288
 4.800  282.5  90  30  51   5.469   0.0   0.0  289
 4.800  285.0  90  30  48   3.906   0.0   0.0  294
 4.800  287.5  90  30  51   5.469   0.0   0.0  296
 4.800  290.0  90  30  51   5.469   0.0   0.0  297
 4.800  270.0 -90  27  36  -5.469  90.0  30.0  273
 4.800  272.5 -90  27  39  -5.469  90.0  30.0  278
 4.800  275.0 -90  27  45  -5.469  90.0  30.0  282
 4.800  277.5 -90  27  39   3.906 270.0  30.0  287
 4.800  280.0 -90  27  45   5.469 330.0  30.0  286
 4.800  282.5 -90  27  39   3.906   0.0   0.0  292
 4.800  285.0 -90  27  36   5.469  30.0  30.0  295
 4.800  287.5 -90  27  39   5.469  30.0  30.0  297
 4.800  290.0 -90  27  39   5.469  90.0  30.0  297
 4.800  330.0 -90  27  36  -2.344  30.0  30.0  317
 4.850  272.5  90  27  42  -5.469   0.0   0.0  279
 4.850  275.0  90  27  45   3.906   0.0   0.0  284
 4.850  277.5  90  27  42   5.469   0.0   0.0  284
 4.850  280.0  90  27  45   5.469   0.0   0.0  287
 4.850  282.5  90  27  45   2.344   0.0   0.0  294
 4.850  285.0  90  27  48   0.781 210.0  30.0  298
 4.850  287.5  90  27  48   2.344 210.0  30.0  297
 4.850  290.0  90  27  45   0.781 210.0  30.0  304
 4.850  292.5  90  27  48   0.781 210.0  30.0  305
 4.850  295.0  90  27  42   5.469   0.0   0.0  302
 4.850  297.5  90  27  36   2.344 210.0  30.0  309
 4.850  305.0  90  27  36   3.906 210.0  30.0  312
 4.850  310.0  90  27  36   5.469 210.0  30.0  321
 4.850  312.5  90  27  39   5.469 210.0  30.0  321
 4.850  397.5  90  27  36  -5.469 210.0  30.0  392
 4.850  400.0  90  27  36  -5.469 210.0  30.0  393
 4.850  272.5 -90  27  36  -5.469  90.0  30.0  277
 4.850  275.0 -90  27  39   5.469  90.0  30.0  283
 4.850  277.5 -90  27  39  -5.469  90.0  30.0  285
 4.850  280.0 -90  27  36  -5.469 270.0  30.0  287
 4.850  282.5 -90  27  42   3.906  90.0  30.0  293
 4.850  285.0 -90  27  36   0.781  30.0  30.0  299
 4.850  287.5 -90  27  42   3.906  90.0  30.0  297
 4.850  290.0 -90  27  36   3.906 330.0  30.0  299
 4.850  292.5 -90  27  39   5.469  90.0  30.0  301
 4.850  295.0 -90  27  39   5.469  90.0  30.0  303
 4.850  317.5 -90  27  36  -3.906  90.0  30.0  305
 4.900  272.5  90  27  42  -5.469   0.0   0.0  280
 4.900  275.0  90  27  45   5.469   0.0   0.0  283
 4.900  277.5  90  27  45   5.469   0.0   0.0  285
 4.900  280.0  90  27  42   5.469   0.0   0.0  286
 4.900  282.5  90  27  42  -5.469   0.0   0.0  289
 4.900  285.0  90  27  39   2.344 270.0  30.0  296
 4.900  287.5  90  27  45   0.781 210.0  30.0  300
 4.900  290.0  90  27  42   3.906 210.0  30.0  299
 4.900  292.5  90  27  42   5.469   0.0   0.0  300
 4.900  295.0  90  27  39   3.906 210.0  30.0  306
 4.900  297.5  90  27  39   2.344 210.0  30.0  308
 4.900  302.5  90  27  36   2.344 210.0  30.0  311
 4.900  305.0  90  27  39   2.344 210.0  30.0  316
 4.900  310.0  90  27  36   2.344 210.0  30.0  321
 4.900  312.5  90  27  36   2.344 210.0  30.0  324
 4.900  402.5  90  27  36   3.906 210.0  30.0  396
 4.900  405.0  90  27  36   5.469 210.0  30.0  397
 4.900  272.5 -90  27  39  -5.469  90.0  30.0  279
 4.900  275.0 -90  27  42   5.469  90.0  30.0  281
 4.900  277.5 -90  27  39   5.469  90.0  30.0  285
 4.900  280.0 -90  27  39   5.469  90.0  30.0  288
 4.900  282.5 -90  27  36  -5.469  90.0  30.0  288
 4.900  285.0 -90  27  39   5.469  90.0  30.0  293
 4.900  287.5 -90  27  42   3.906  90.0  30.0  297
 4.900  290.0 -90  27  42   3.906  90.0  30.0  298
 4.900  292.5 -90  27  42   3.906  90.0  30.0  301
 4.900  297.5 -90  27  36   3.906  90.0  30.0  307
 4.900  317.5 -90  27  36   2.344 210.0  30.0  327
 4.900  322.5 -90  27  36   3.906  90.0  30.0  329
 4.950  275.0  90  27  36   5.469   0.0   0.0  282
 4.950  277.5  90  27  42   5.469   0.0   0.0  285
 4.950  280.0  90  27  36   3.906 270.0  30.0  290
 4.950  285.0  90  27  39  -2.344 210.0  30.0  271
 4.950  287.5  90  27  45   2.344 270.0  30.0  300
 4.950  290.0  90  27  51   3.906   0.0   0.0  299
 4.950  292.5  90  27  45   3.906   0.0   0.0  300
 4.950  295.0  90  27  39  -0.781 210.0  30.0  281
 4.950  297.5  90  27  42  -0.781 210.0  30.0  311
 4.950  300.0  90  27  39   3.906   0.0   0.0  310
 4.950  302.5  90  27  39  -0.781 210.0  30.0  316
 4.950  305.0  90  27  36  -0.781 210.0  30.0  317
 4.950  310.0  90  27  36   2.344 210.0  30.0  323
 4.950  312.5  90  27  42   2.344 210.0  30.0  324
 4.950  407.5  90  27  39   5.469 210.0  30.0  399
 4.950  277.5 -90  27  42   5.469  90.0  30.0  285
 4.950  280.0 -90  27  36   3.906  30.0  30.0  288
 4.950  285.0 -90  27  36   3.906 270.0  30.0  293
 4.950  287.5 -90  27  39   3.906  30.0  30.0  297
 4.950  290.0 -90  27  45   3.906  90.0  30.0  299
 4.950  292.5 -90  27  42   3.906  90.0  30.0  301
 4.950  300.0 -90  27  36   3.906  30.0  30.0  309
 4.950  315.0 -90  27  36   3.906  30.0  30.0  309
 4.950  317.5 -90  27  39   3.906  30.0  30.0  309
 4.950  322.5 -90  27  36   2.344  90.0  30.0  318
 4.950  327.5 -90  27  36  -5.469  90.0  30.0  318
 5.000  277.5  90  27  42   5.469   0.0   0.0  288
 5.000  280.0  90  27  45   5.469   0.0   0.0  288
 5.000  282.5  90  27  48   3.906   0.0   0.0  292
 5.000  285.0  90  27  45   3.906   0.0   0.0  293
 5.000  287.5  90  27  42   3.906 270.0  30.0  298
 5.000  290.0  90  27  42   2.344 210.0  30.0  301
 5.000  292.5  90  27  42   5.469   0.0   0.0  301
 5.000  295.0  90  27  48   3.906   0.0   0.0  304
 5.000  297.5  90  27  48  -0.781 210.0  30.0  283
 5.000  300.0  90  27  45  -0.781 210.0  30.0  314
 5.000  302.5  90  27  45   3.906   0.0   0.0  313
 5.000  305.0  90  27  42   3.906   0.0   0.0  312
 5.000  307.5  90  27  36   0.781 210.0  30.0  320
 5.000  312.5  90  27  36   0.781 150.0  30.0  326
 5.000  315.0  90  27  39   0.781 210.0  30.0  328
 5.000  317.5  90  27  36   2.344 210.0  30.0  328
 5.000  280.0 -90  27  42   5.469  90.0  30.0  290
 5.000  282.5 -90  27  42   3.906  90.0  30.0  292
 5.000  285.0 -90  27  42   3.906 270.0  30.0  294
 5.000  290.0 -90  27  42   3.906 270.0  30.0  299
 5.000  292.5 -90  27  36   5.469  90.0  30.0  300
 5.000  295.0 -90  27  39   3.906  90.0  30.0  304
 5.000  302.5 -90  27  39   3.906  30.0  30.0  313
 5.000  305.0 -90  27  36   3.906  90.0  30.0  313
 5.000  320.0 -90  27  36   2.344  30.0  30.0  315
 5.000  322.5 -90  27  39   3.906  90.0  30.0  316
 5.000  325.0 -90  27  36   2.344  90.0  30.0  318
 5.000  327.5 -90  27  36   3.906  90.0  30.0  321
 5.050  280.0  90  27  36   5.469   0.0   0.0  288
 5.050  282.5  90  27  36   5.469   0.0   0.0  292
 5.050  285.0  90  27  42   3.906   0.0   0.0  296
 5.050  287.5  90  27  36   2.344   0.0   0.0  298
 5.050  290.0  90  27  39  -0.781 210.0  30.0  302
 5.050  292.5  90  27  42  -0.781 210.0  30.0  279
 5.050  295.0  90  27  39   2.344 270.0  30.0  304
 5.050  297.5  90  27  42   3.906   0.0   0.0  307
 5.050  300.0  90  27  48   5.469   0.0   0.0  308
 5.050  302.5  90  27  45   5.469   0.0   0.0  310
 5.050  305.0  90  27  45  -0.781 210.0  30.0  291
 5.050  307.5  90  27  45   5.469   0.0   0.0  316
 5.050  310.0  90  27  39  -0.781 210.0  30.0  324
 5.050  312.5  90  27  42  -0.781 210.0  30.0  327
 5.050  315.0  90  27  36   5.469   0.0   0.0  320
 5.050  317.5  90  27  36  -0.781 210.0  30.0  305
 5.050  320.0  90  27  36   0.781 210.0  30.0  334
 5.050  322.5  90  27  39   0.781 210.0  30.0  335
 5.050  325.0  90  27  36  -0.781 210.0  30.0  312
 5.050  412.5  90  27  36  -5.469 210.0  30.0  402
 5.050  430.0  90  27  36  -0.781   0.0   0.0  436
 5.050 1242.5  90  27  36  -5.469   0.0   0.0 1232
 5.050  280.0 -90  27  36   3.906  90.0  30.0  290
 5.050  285.0 -90  27  36   3.906  90.0  30.0  296
 5.050  297.5 -90  27  39   3.906  90.0  30.0  306
 5.050  300.0 -90  27  39   5.469  90.0  30.0  308
 5.050  302.5 -90  27  39   5.469  90.0  30.0  311
 5.050  305.0 -90  27  39   5.469  90.0  30.0  314
 5.050  307.5 -90  27  39   5.469  90.0  30.0  317
 5.050  317.5 -90  27  36   2.344  90.0  30.0  312
 5.050  320.0 -90  27  39   2.344  90.0  30.0  315
 5.050  322.5 -90  27  42   2.344  30.0  30.0  318
 5.050  327.5 -90  27  36   2.344  90.0  30.0  324
 5.100  285.0  90  30  39   3.906   0.0   0.0  294
 5.100  287.5  90  30  45  -5.469   0.0   0.0  294
 5.100  290.0  90  30  42   5.469   0.0   0.0  298
 5.100  292.5  90  30  39  -2.344 210.0  30.0  278
 5.100  295.0  90  30  39  -2.344 210.0  30.0  281
 5.100  300.0  90  30  48  -2.344 210.0  30.0  286
 5.100  302.5  90  30  48   5.469   0.0   0.0  310
 5.100  305.0  90  30  48   5.469   0.0   0.0  311
 5.100  310.0  90  30  39  -0.781 210.0  30.0  324
 5.100  312.5  90  30  45  -0.781 210.0  30.0  326
 5.100  315.0  90  30  39   5.469   0.0   0.0  321
 5.100  317.5  90  30  45   5.469   0.0   0.0  324
 5.100  320.0  90  30  39   5.469   0.0   0.0  325
 5.100  322.5  90  30  42   0.781 210.0  30.0  335
 5.100  325.0  90  30  45   0.781 210.0  30.0  339
 5.100  327.5  90  30  45   0.781 210.0  30.0  341
 5.100  277.5 -90  30  39   3.906   0.0   0.0  286
 5.100  280.0 -90  30  39   3.906   0.0   0.0  285
 5.100  285.0 -90  30  39   5.469  90.0  30.0  295
 5.100  287.5 -90  30  39  -5.469  90.0  30.0  294
 5.100  302.5 -90  30  39  -5.469  90.0  30.0  309
 5.100  305.0 -90  30  42   5.469  90.0  30.0  310
 5.100  310.0 -90  30  39  -2.344 210.0  30.0  297
 5.100  315.0 -90  30  39   3.906  90.0  30.0  321
 5.100  317.5 -90  30  42   5.469  90.0  30.0  324
 5.100  320.0 -90  30  39   3.906  90.0  30.0  325
 5.150  282.5  90  27  39  -5.469   0.0   0.0  289
 5.150  285.0  90  27  39   5.469   0.0   0.0  290
 5.150  287.5  90  27  42  -5.469   0.0   0.0  291
 5.150  290.0  90  27  48   5.469   0.0   0.0  298
 5.150  292.5  90  27  45  -0.781 210.0  30.0  278
 5.150  295.0  90  27  36  -0.781 210.0  30.0  309
 5.150  297.5  90  27  42  -0.781 210.0  30.0  283
 5.150  300.0  90  27  39   0.781 210.0  30.0  314
 5.150  302.5  90  27  48  -0.781 210.0  30.0  288
 5.150  305.0  90  27  45   0.781 210.0  30.0  318
 5.150  307.5  90  27  45  -0.781 210.0  30.0  293
 5.150  310.0  90  27  42  -0.781 210.0  30.0  323
 5.150  312.5  90  27  42   5.469   0.0   0.0  320
 5.150  315.0  90  27  45   0.781 210.0  30.0  329
 5.150  317.5  90  27  42   0.781 210.0  30.0  332
 5.150  320.0  90  27  42   0.781 210.0  30.0  305
 5.150  322.5  90  27  42   0.781 210.0  30.0  337
 5.150  325.0  90  27  42  -3.906   0.0   0.0  331
 5.150  327.5  90  27  42  -5.469   0.0   0.0  332
 5.150  330.0  90  27  48   0.781 210.0  30.0  343
 5.150  332.5  90  27  42   0.781 210.0  30.0  345
 5.150  335.0  90  27  36  -2.344 210.0  30.0  322
 5.150  337.5  90  27  36   2.344 210.0  30.0  349
 5.150  350.0  90  27  36  -5.469 210.0  30.0  339
 5.150  352.5  90  27  36   5.469 210.0  30.0  344
 5.150  400.0  90  27  36   5.469 210.0  30.0  394
 5.150  402.5  90  27  39   5.469 210.0  30.0  395
 5.150  405.0  90  27  39   5.469 210.0  30.0  397
 5.150  407.5  90  27  36   5.469 210.0  30.0  401
 5.150  427.5  90  27  36   5.469 210.0  30.0  421
 5.150  430.0  90  27  36   5.469 210.0  30.0  421
 5.150  962.5  90  27  36   2.344   0.0   0.0  950
 5.150  277.5 -90  27  39   3.906   0.0   0.0  286
 5.150  280.0 -90  27  36   5.469   0.0   0.0  291
 5.150  285.0 -90  27  36   5.469   0.0   0.0  291
 5.150  290.0 -90  27  42   5.469  90.0  30.0  298
 5.150  292.5 -90  27  36  -5.469  90.0  30.0  298
 5.150  307.5 -90  27  36  -0.781 270.0  30.0  294
 5.150  312.5 -90  27  36   5.469 210.0  30.0  325
 5.150  315.0 -90  27  36   0.781 210.0  30.0  328
 5.150  317.5 -90  27  39   3.906  90.0  30.0  314
 5.150  320.0 -90  27  39   3.906  30.0  30.0  316
 5.150  322.5 -90  27  36   2.344  30.0  30.0  316
 5.150  327.5 -90  27  36  -3.906  90.0  30.0  330
 5.150  952.5 -90  27  36  -0.781   0.0   0.0  963
 5.200  277.5  90  27  36   5.469   0.0   0.0  285
 5.200  285.0  90  27  42   5.469   0.0   0.0  294
 5.200  287.5  90  27  45  -5.469   0.0   0.0  293
 5.200  290.0  90  27  45   5.469   0.0   0.0  297
 5.200  292.5  90  27  42  -5.469   0.0   0.0  300
 5.200  295.0  90  27  42  -5.469   0.0   0.0  303
 5.200  297.5  90  27  45   5.469   0.0   0.0  304
 5.200  300.0  90  27  45   0.781 210.0  30.0  314
 5.200  302.5  90  27  45   0.781 210.0  30.0  316
 5.200  305.0  90  27  48   0.781 210.0  30.0  319
 5.200  307.5  90  27  48   0.781 210.0  30.0  319
 5.200  310.0  90  27  45   0.781 210.0  30.0  323
 5.200  312.5  90  27  39   3.906 210.0  30.0  323
 5.200  315.0  90  27  45   0.781 210.0  30.0  328
 5.200  317.5  90  27  45   0.781 210.0  30.0  331
 5.200  320.0  90  27  36   2.344   0.0   0.0  333
 5.200  322.5  90  27  45  -5.469   0.0   0.0  329
 5.200  325.0  90  27  45  -3.906   0.0   0.0  330
 5.200  327.5  90  27  45  -3.906   0.0   0.0  330
 5.200  330.0  90  27  45  -5.469   0.0   0.0  335
 5.200  332.5  90  27  45   2.344 210.0  30.0  344
 5.200  335.0  90  27  42   2.344 210.0  30.0  346
 5.200  337.5  90  27  39   3.906 210.0  30.0  349
 5.200  342.5  90  27  36   0.781 210.0  30.0  354
 5.200  355.0  90  27  36   3.906 210.0  30.0  346
 5.200  415.0  90  27  36   5.469 210.0  30.0  409
 5.200  277.5 -90  27  45   5.469   0.0   0.0  284
 5.200  280.0 -90  27  39   5.469   0.0   0.0  285
 5.200  285.0 -90  27  39   3.906   0.0   0.0  296
 5.200  287.5 -90  27  42   5.469   0.0   0.0  296
 5.200  290.0 -90  27  36  -5.469 210.0  30.0  296
 5.200  292.5 -90  27  36  -5.469  90.0  30.0  296
 5.200  297.5 -90  27  39   5.469  90.0  30.0  304
 5.200  300.0 -90  27  36   5.469  90.0  30.0  305
 5.200  307.5 -90  27  36   5.469  90.0  30.0  315
 5.200  312.5 -90  27  39   0.781 210.0  30.0  326
 5.200  315.0 -90  27  42   0.781 210.0  30.0  329
 5.200  317.5 -90  27  36   0.781 210.0  30.0  330
 5.200  322.5 -90  27  39   5.469  90.0  30.0  314
 5.200  325.0 -90  27  39  -3.906  90.0  30.0  330
 5.200  327.5 -90  27  36   3.906  30.0  30.0  327
 5.200  330.0 -90  27  39   3.906  90.0  30.0  323
 5.250  277.5  90  27  36   5.469   0.0   0.0  286
 5.250  287.5  90  27  36   5.469   0.0   0.0  296
 5.250  290.0  90  27  42  -5.469   0.0   0.0  297
 5.250  292.5  90  27  42   3.906   0.0   0.0  300
 5.250  295.0  90  27  39   5.469 270.0  30.0  302
 5.250  297.5  90  27  45   5.469   0.0   0.0  307
 5.250  300.0  90  27  45  -5.469   0.0   0.0  306
 5.250  302.5  90  27  45   0.781 210.0  30.0  316
 5.250  305.0  90  27  42   5.469   0.0   0.0  313
 5.250  307.5  90  27  51   2.344 210.0  30.0  319
 5.250  310.0  90  27  48  -5.469   0.0   0.0  316
 5.250  312.5  90  27  42   0.781 210.0  30.0  325
 5.250  315.0  90  27  39   5.469   0.0   0.0  322
 5.250  317.5  90  27  42   0.781 210.0  30.0  330
 5.250  320.0  90  27  45   5.469   0.0   0.0  328
 5.250  322.5  90  27  48   5.469   0.0   0.0  330
 5.250  325.0  90  27  42  -5.469   0.0   0.0  331
 5.250  327.5  90  27  42   2.344 210.0  30.0  341
 5.250  330.0  90  27  42   2.344 210.0  30.0  342
 5.250  332.5  90  27  48   2.344 210.0  30.0  344
 5.250  335.0  90  27  48   2.344 210.0  30.0  347
 5.250  337.5  90  27  45   2.344 210.0  30.0  348
 5.250  340.0  90  27  42   2.344 210.0  30.0  351
 5.250  342.5  90  27  42   2.344 210.0  30.0  355
 5.250  345.0  90  27  42   2.344 210.0  30.0  357
 5.250  347.5  90  27  39   2.344 210.0  30.0  360
 5.250  350.0  90  27  36   3.906 210.0  30.0  360
 5.250  352.5  90  27  36   2.344 210.0  30.0  367
 5.250  355.0  90  27  36  -3.906   0.0   0.0  360
 5.250  357.5  90  27  39   2.344 210.0  30.0  347
 5.250  360.0  90  27  36   2.344 210.0  30.0  372
 5.250  405.0  90  27  36   5.469 210.0  30.0  398
 5.250  407.5  90  27  36   5.469 210.0  30.0  400
 5.250  417.5  90  27  36   5.469 210.0  30.0  412
 5.250  277.5 -90  27  42   5.469   0.0   0.0  286
 5.250  280.0 -90  27  39  -5.469 270.0  30.0  286
 5.250  282.5 -90  27  36   3.906   0.0   0.0  294
 5.250  285.0 -90  27  39   5.469 210.0  30.0  293
 5.250  290.0 -90  27  39   5.469  30.0  30.0  297
 5.250  292.5 -90  27  36  -5.469 270.0  30.0  298
 5.250  300.0 -90  27  36   5.469 270.0  30.0  306
 5.250  305.0 -90  27  39   0.781 210.0  30.0  318
 5.250  307.5 -90  27  39   0.781 210.0  30.0  319
 5.250  310.0 -90  27  39  -5.469  90.0  30.0  316
 5.250  312.5 -90  27  36   2.344 210.0  30.0  326
 5.250  315.0 -90  27  36  -0.781 210.0  30.0  329
 5.250  320.0 -90  27  36   5.469  90.0  30.0  331
 5.250  322.5 -90  27  39   5.469  90.0  30.0  333
 5.250  325.0 -90  27  36   5.469  90.0  30.0  323
 5.250  335.0 -90  27  36   5.469  90.0  30.0  344
 5.300  280.0  90  27  36   5.469   0.0   0.0  288
 5.300  292.5  90  27  39   5.469   0.0   0.0  302
 5.300  295.0  90  27  45   5.469   0.0   0.0  303
 5.300  297.5  90  27  51   5.469   0.0   0.0  305
 5.300  300.0  90  27  42   3.906 270.0  30.0  310
 5.300  302.5  90  27  48   2.344 210.0  30.0  315
 5.300  305.0  90  27  45   2.344 210.0  30.0  317
 5.300  307.5  90  27  48   5.469   0.0   0.0  314
 5.300  310.0  90  27  48   2.344 210.0  30.0  322
 5.300  312.5  90  27  45   5.469   0.0   0.0  318
 5.300  315.0  90  27  39   2.344 210.0  30.0  326
 5.300  317.5  90  27  45   2.344 210.0  30.0  329
 5.300  320.0  90  27  39  -3.906   0.0   0.0  324
 5.300  322.5  90  27  48   2.344 210.0  30.0  334
 5.300  325.0  90  27  42   2.344 210.0  30.0  335
 5.300  327.5  90  27  39   2.344 210.0  30.0  342
 5.300  330.0  90  27  39   2.344 210.0  30.0  342
 5.300  332.5  90  27  39   3.906 210.0  30.0  342
 5.300  335.0  90  27  45   2.344 210.0  30.0  347
 5.300  337.5  90  27  45  -5.469   0.0   0.0  345
 5.300  340.0  90  27  45   3.906 210.0  30.0  350
 5.300  342.5  90  27  45   3.906 210.0  30.0  352
 5.300  345.0  90  27  48   3.906 210.0  30.0  355
 5.300  347.5  90  27  42  -5.469   0.0   0.0  351
 5.300  350.0  90  27  45  -5.469   0.0   0.0  356
 5.300  352.5  90  27  39  -5.469   0.0   0.0  356
 5.300  355.0  90  27  42   2.344 210.0  30.0  367
 5.300  357.5  90  27  36   3.906 210.0  30.0  367
 5.300  360.0  90  27  39  -5.469   0.0   0.0  365
 5.300  365.0  90  27  36  -5.469   0.0   0.0  374
 5.300  400.0  90  27  36   5.469 210.0  30.0  396
 5.300  407.5  90  27  36   5.469 210.0  30.0  401
 5.300  410.0  90  27  39   3.906 210.0  30.0  406
 5.300  412.5  90  27  39   5.469 210.0  30.0  404
 5.300  417.5  90  27  36   5.469 210.0  30.0  411
 5.300  427.5  90  27  36   3.906 210.0  30.0  424
 5.300  280.0 -90  27  42   5.469   0.0   0.0  289
 5.300  282.5 -90  27  42   5.469   0.0   0.0  291
 5.300  285.0 -90  27  36   3.906 210.0  30.0  271
 5.300  287.5 -90  27  42   3.906 210.0  30.0  296
 5.300  290.0 -90  27  39  -3.906   0.0   0.0  294
 5.300  295.0 -90  27  36   5.469  90.0  30.0  303
 5.300  297.5 -90  27  42   5.469  90.0  30.0  304
 5.300  305.0 -90  27  36  -5.469  90.0  30.0  311
 5.300  307.5 -90  27  36  -5.469  90.0  30.0  313
 5.300  315.0 -90  27  39  -0.781 210.0  30.0  300
 5.300  317.5 -90  27  36   0.781 210.0  30.0  332
 5.300  320.0 -90  27  36  -5.469  90.0  30.0  326
 5.300  322.5 -90  27  36  -5.469  90.0  30.0  327
 5.300  337.5 -90  27  36  -5.469  30.0  30.0  345
 5.300  340.0 -90  27  36   5.469  90.0  30.0  347
 5.300  342.5 -90  27  36   5.469  90.0  30.0  350
 5.300  347.5 -90  27  36  -5.469  90.0  30.0  354
 5.300  350.0 -90  27  36  -5.469  90.0  30.0  356
 5.350  300.0  90  30  45   5.469   0.0   0.0  307
 5.350  302.5  90  30  48   5.469   0.0   0.0  310
 5.350  305.0  90  30  45   5.469   0.0   0.0  312
 5.350  307.5  90  30  45   2.344 210.0  30.0  319
 5.350  310.0  90  30  51   2.344 210.0  30.0  321
 5.350  312.5  90  30  39   5.469 270.0  30.0  322
 5.350  315.0  90  30  42   3.906 210.0  30.0  325
 5.350  317.5  90  30  42   0.781 210.0  30.0  330
 5.350  320.0  90  30  48   2.344 210.0  30.0  330
 5.350  325.0  90  30  42   5.469 210.0  30.0  333
 5.350  327.5  90  30  45   2.344 210.0  30.0  339
 5.350  330.0  90  30  39   2.344 210.0  30.0  339
 5.350  332.5  90  30  48   3.906 210.0  30.0  342
 5.350  335.0  90  30  39   2.344 210.0  30.0  321
 5.350  337.5  90  30  51   3.906 210.0  30.0  347
 5.350  340.0  90  30  48   2.344 210.0  30.0  351
 5.350  342.5  90  30  45   3.906 210.0  30.0  352
 5.350  345.0  90  30  39   0.781 210.0  30.0  357
 5.350  347.5  90  30  39   2.344 210.0  30.0  359
 5.350  350.0  90  30  45   2.344 210.0  30.0  361
 5.350  352.5  90  30  42   2.344 210.0  30.0  364
 5.350  355.0  90  30  45   3.906 210.0  30.0  365
 5.350  365.0  90  30  42  -5.469   0.0   0.0  371
 5.350  280.0 -90  27  39   5.469   0.0   0.0  291
 5.350  282.5 -90  27  45   5.469   0.0   0.0  290
 5.350  285.0 -90  27  42   5.469   0.0   0.0  292
 5.350  287.5 -90  27  39   3.906 270.0  30.0  296
 5.350  292.5 -90  27  39  -5.469   0.0   0.0  298
 5.350  300.0 -90  27  39   5.469  90.0  30.0  308
 5.350  302.5 -90  27  39   5.469  90.0  30.0  310
 5.350  305.0 -90  27  39   5.469 270.0  30.0  312
 5.350  310.0 -90  27  39  -5.469 270.0  30.0  317
 5.350  312.5 -90  27  36  -5.469  90.0  30.0  318
 5.350  317.5 -90  27  36   0.781 210.0  30.0  331
 5.400  297.5  90  27  42   0.781 210.0  30.0  310
 5.400  300.0  90  27  36   0.781 210.0  30.0  312
 5.400  302.5  90  27  39   5.469   0.0   0.0  307
 5.400  305.0  90  27  36   2.344 210.0  30.0  318
 5.400  307.5  90  27  42   2.344 210.0  30.0  318
 5.400  310.0  90  27  39   2.344 210.0  30.0  321
 5.400  312.5  90  27  42   2.344 210.0  30.0  324
 5.400  315.0  90  27  42   2.344 210.0  30.0  323
 5.400  317.5  90  27  48   3.906 210.0  30.0  328
 5.400  320.0  90  27  42   3.906 210.0  30.0  329
 5.400  322.5  90  27  39  -5.469   0.0   0.0  327
 5.400  325.0  90  27  45   2.344 210.0  30.0  337
 5.400  327.5  90  27  45   2.344 210.0  30.0  337
 5.400  330.0  90  27  39   0.781 210.0  30.0  343
 5.400  335.0  90  27  45   2.344 210.0  30.0  347
 5.400  337.5  90  27  42   3.906 210.0  30.0  347
 5.400  340.0  90  27  45   2.344 210.0  30.0  352
 5.400  342.5  90  27  45   2.344 210.0  30.0  353
 5.400  345.0  90  27  42   2.344 210.0  30.0  357
 5.400  347.5  90  27  39   0.781 210.0  30.0  358
 5.400  350.0  90  27  36   2.344 210.0  30.0  362
 5.400  352.5  90  27  45   2.344 210.0  30.0  364
 5.400  355.0  90  27  45   2.344 210.0  30.0  365
 5.400  357.5  90  27  45   3.906 210.0  30.0  367
 5.400  360.0  90  27  45   2.344 210.0  30.0  373
 5.400  362.5  90  27  42   2.344 210.0  30.0  373
 5.400  365.0  90  27  42   3.906 210.0  30.0  375
 5.400  367.5  90  27  39   3.906 210.0  30.0  376
 5.400  370.0  90  27  39   3.906 210.0  30.0  380
 5.400  372.5  90  27  39   3.906 210.0  30.0  384
 5.400  375.0  90  27  39   3.906 210.0  30.0  384
 5.400  377.5  90  27  36   3.906 210.0  30.0  387
 5.400  380.0  90  27  36  -5.469   0.0   0.0  386
 5.400  382.5  90  27  36   3.906 210.0  30.0  394
 5.400  385.0  90  27  39   3.906 210.0  30.0  394
 5.400  387.5  90  27  36   3.906 150.0  30.0  400
 5.400  400.0  90  27  36  -5.469   0.0   0.0  404
 5.400  402.5  90  27  36  -3.906   0.0   0.0  406
 5.400  415.0  90  27  36  -5.469 210.0  30.0  405
 5.400  282.5 -90  27  39  -5.469   0.0   0.0  289
 5.400  285.0 -90  27  39  -5.469   0.0   0.0  291
 5.400  287.5 -90  27  36   3.906 210.0  30.0  298
 5.400  290.0 -90  27  39   5.469   0.0   0.0  298
 5.400  312.5 -90  27  36   2.344 210.0  30.0  323
 5.400  317.5 -90  27  36   5.469  90.0  30.0  323
 5.400  325.0 -90  27  36  -2.344  30.0  30.0  310
 5.450  302.5  90  27  39   0.781 210.0  30.0  316
 5.450  305.0  90  27  36   0.781 210.0  30.0  317
 5.450  307.5  90  27  42   0.781 210.0  30.0  320
 5.450  310.0  90  27  42   0.781 210.0  30.0  321
 5.450  312.5  90  27  36   2.344 210.0  30.0  323
 5.450  315.0  90  27  36   0.781 210.0  30.0  324
 5.450  320.0  90  27  42   2.344 210.0  30.0  331
 5.450  322.5  90  27  48   3.906 210.0  30.0  333
 5.450  325.0  90  27  45   2.344 210.0  30.0  336
 5.450  327.5  90  27  39   5.469 210.0  30.0  336
 5.450  330.0  90  27  42   3.906 210.0  30.0  340
 5.450  332.5  90  27  36   3.906 210.0  30.0  341
 5.450  335.0  90  27  39  -0.781 210.0  30.0  349
 5.450  337.5  90  27  39   0.781 210.0  30.0  351
 5.450  340.0  90  27  45   2.344 210.0  30.0  350
 5.450  342.5  90  27  42   3.906 210.0  30.0  353
 5.450  345.0  90  27  42   2.344 210.0  30.0  357
 5.450  347.5  90  27  39   0.781 210.0  30.0  360
 5.450  350.0  90  27  39   2.344 210.0  30.0  362
 5.450  352.5  90  27  42   3.906 210.0  30.0  363
 5.450  355.0  90  27  42   2.344 210.0  30.0  366
 5.450  357.5  90  27  45   2.344 210.0  30.0  368
 5.450  360.0  90  27  36   2.344 210.0  30.0  370
 5.450  362.5  90  27  42   2.344 210.0  30.0  376
 5.450  365.0  90  27  42   2.344 210.0  30.0  378
 5.450  367.5  90  27  39   2.344 210.0  30.0  377
 5.450  370.0  90  27  39   2.344 210.0  30.0  380
 5.450  375.0  90  27  39   3.906 210.0  30.0  387
 5.450  382.5  90  27  36   2.344 210.0  30.0  392
 5.450  385.0  90  27  36   2.344 210.0  30.0  396
 5.450  390.0  90  27  36  -5.469   0.0   0.0  397
 5.450  392.5  90  27  36   3.906 210.0  30.0  403
 5.450  395.0  90  27  36   3.906 210.0  30.0  404
 5.450  397.5  90  27  36   2.344 210.0  30.0  405
 5.450  400.0  90  27  36   3.906 210.0  30.0  409
 5.450  402.5  90  27  39   3.906   0.0   0.0  411
 5.450  410.0  90  27  36  -5.469   0.0   0.0  419
 5.450  412.5  90  27  36  -5.469   0.0   0.0  418
 5.450  282.5 -90  27  36  -5.469   0.0   0.0  289
 5.450  287.5 -90  27  36  -5.469   0.0   0.0  297
 5.450  290.0 -90  27  39   5.469 270.0  30.0  298
 5.450  292.5 -90  27  36   5.469   0.0   0.0  300
 5.450  317.5 -90  27  39   2.344 210.0  30.0  329
 5.450  320.0 -90  27  36   2.344 210.0  30.0  331
 5.500  302.5  90  27  36   2.344 210.0  30.0  312
 5.500  310.0  90  27  39   2.344 210.0  30.0  324
 5.500  312.5  90  27  36   2.344 210.0  30.0  324
 5.500  315.0  90  27  36   2.344 210.0  30.0  326
 5.500  317.5  90  27  39   2.344 210.0  30.0  328
 5.500  320.0  90  27  39   2.344 210.0  30.0  333
 5.500  322.5  90  27  42   2.344 210.0  30.0  333
 5.500  325.0  90  27  36  -3.906   0.0   0.0  328
 5.500  327.5  90  27  42   3.906 210.0  30.0  338
 5.500  330.0  90  27  42   3.906 210.0  30.0  340
 5.500  332.5  90  27  42   2.344 210.0  30.0  344
 5.500  335.0  90  27  42   2.344 210.0  30.0  348
 5.500  337.5  90  27  36   3.906 210.0  30.0  347
 5.500  340.0  90  27  39   5.469   0.0   0.0  349
 5.500  342.5  90  27  45   2.344 210.0  30.0  355
 5.500  345.0  90  27  48   2.344 210.0  30.0  356
 5.500  347.5  90  27  39   2.344 210.0  30.0  357
 5.500  350.0  90  27  36   0.781 210.0  30.0  363
 5.500  352.5  90  27  36   5.469 210.0  30.0  363
 5.500  355.0  90  27  39   2.344 210.0  30.0  368
 5.500  367.5  90  27  39   0.781 210.0  30.0  381
 5.500  370.0  90  27  36   0.781 210.0  30.0  380
 5.500  372.5  90  27  36   2.344 210.0  30.0  386
 5.500  380.0  90  27  36   2.344 210.0  30.0  390
 5.500  382.5  90  27  36   3.906 210.0  30.0  389
 5.500  385.0  90  27  36   2.344 210.0  30.0  398
 5.500  387.5  90  27  39   2.344 210.0  30.0  398
 5.500  390.0  90  27  39   2.344 210.0  30.0  402
 5.500  410.0  90  27  36   2.344 210.0  30.0  421
 5.500  422.5  90  27  36   2.344 210.0  30.0  435
 5.500  435.0  90  27  36   2.344   0.0   0.0  446
 5.500  282.5 -90  27  36  -2.344   0.0   0.0  285
 5.500  287.5 -90  27  36  -5.469 270.0  30.0  294
 5.500  290.0 -90  27  36   5.469 270.0  30.0  298
 5.500  292.5 -90  27  36   5.469 270.0  30.0  300
 5.500  300.0 -90  27  36   0.781 270.0  30.0  313
 5.500  305.0 -90  27  36   3.906 210.0  30.0  316
 5.500  307.5 -90  27  36   3.906 210.0  30.0  318
 5.550  320.0  90  30  42   2.344 210.0  30.0  326
 5.550  322.5  90  30  39   2.344 210.0  30.0  327
 5.550  325.0  90  30  39   2.344 210.0  30.0  332
 5.550  327.5  90  30  42   2.344 210.0  30.0  331
 5.550  330.0  90  30  42   2.344 210.0  30.0  335
 5.550  332.5  90  30  39   2.344 210.0  30.0  337
 5.550  340.0  90  30  39   2.344 210.0  30.0  349
 5.550  342.5  90  30  42   3.906 210.0  30.0  350
 5.550  345.0  90  30  39   3.906 270.0  30.0  353
 5.550  350.0  90  30  39   2.344 210.0  30.0  356
 5.550  352.5  90  30  39   2.344 210.0  30.0  358
 5.550  357.5  90  30  39   2.344 210.0  30.0  363
 5.550  370.0  90  30  39   2.344 210.0  30.0  377
 5.550  372.5  90  30  42   2.344 210.0  30.0  380
 5.550  287.5 -90  27  36  -5.469   0.0   0.0  278
 5.550  292.5 -90  27  42  -5.469 270.0  30.0  281
 5.550  307.5 -90  27  36   2.344 210.0  30.0  312
 5.550  310.0 -90  27  36   2.344 210.0  30.0  314
 5.600  310.0  90  27  39  -2.344   0.0   0.0  313
 5.600  315.0  90  27  39   0.781 210.0  30.0  329
 5.600  320.0  90  27  36  -3.906   0.0   0.0  323
 5.600  322.5  90  27  36   0.781 210.0  30.0  336
 5.600  325.0  90  27  39   0.781 210.0  30.0  339
 5.600  327.5  90  27  39   0.781 210.0  30.0  338
 5.600  330.0  90  27  36  -3.906   0.0   0.0  337
 5.600  332.5  90  27  36   2.344 210.0  30.0  345
 5.600  335.0  90  27  42   2.344 210.0  30.0  346
 5.600  337.5  90  27  39   0.781 210.0  30.0  352
 5.600  342.5  90  27  36  -0.781 210.0  30.0  353
 5.600  347.5  90  27  39   2.344 210.0  30.0  359
 5.600  352.5  90  27  39   0.781 210.0  30.0  366
 5.600  355.0  90  27  36   0.781 210.0  30.0  341
 5.600  357.5  90  27  36  -5.469   0.0   0.0  362
 5.600  360.0  90  27  36  -5.469   0.0   0.0  362
 5.600  362.5  90  27  36   0.781 210.0  30.0  376
 5.600  365.0  90  27  39  -5.469 210.0  30.0  371
 5.600  367.5  90  27  36  -2.344   0.0   0.0  369
 5.600  377.5  90  27  36   2.344 210.0  30.0  388
 5.600  380.0  90  27  36  -3.906   0.0   0.0  383
 5.600  382.5  90  27  36  -3.906   0.0   0.0  386
 5.600  385.0  90  27  36  -3.906   0.0   0.0  383
 5.600  390.0  90  27  39  -0.781   0.0   0.0  387
 5.600  400.0  90  27  36  -2.344   0.0   0.0  402
 5.600  405.0  90  27  36  -2.344   0.0   0.0  408
 5.600  410.0  90  27  36  -3.906   0.0   0.0  415
 5.600  427.5  90  27  36  -3.906   0.0   0.0  441
 5.600  442.5  90  27  36  -3.906   0.0   0.0  448
 5.600  450.0  90  27  36  -3.906   0.0   0.0  451
 5.600  455.0  90  27  36  -3.906   0.0   0.0  455
 5.600  287.5 -90  30  42  -2.344   0.0   0.0  292
 5.600  290.0 -90  30  48  -2.344   0.0   0.0  293
 5.600  292.5 -90  30  48  -2.344   0.0   0.0  293
 5.600  295.0 -90  30  39  -2.344 270.0  30.0  296
 5.600  297.5 -90  30  42  -2.344   0.0   0.0  299
 5.650  315.0  90  27  36  -2.344   0.0   0.0  318
 5.650  320.0  90  27  39   2.344 210.0  30.0  330
 5.650  330.0  90  27  36   2.344 210.0  30.0  340
 5.650  332.5  90  27  39   3.906 210.0  30.0  341
 5.650  337.5  90  27  42   3.906 210.0  30.0  348
 5.650  342.5  90  27  39  -3.906   0.0   0.0  346
 5.650  345.0  90  27  36   3.906 210.0  30.0  354
 5.650  347.5  90  27  36   3.906 210.0  30.0  356
 5.650  350.0  90  27  36   2.344 210.0  30.0  362
 5.650  352.5  90  27  36   2.344 210.0  30.0  366
 5.650  355.0  90  27  36   2.344 210.0  30.0  366
 5.650  367.5  90  27  36  -0.781   0.0   0.0  370
 5.650  397.5  90  27  36  -3.906 210.0  30.0  400
 5.650  405.0  90  27  36   0.781 210.0  30.0  418
 5.650  415.0  90  27  36  -2.344   0.0   0.0  420
 5.650  420.0  90  27  36  -2.344   0.0   0.0  425
 5.650  285.0 -90  27  36  -0.781   0.0   0.0  284
 5.650  287.5 -90  27  42  -0.781   0.0   0.0  287
 5.650  290.0 -90  27  45   0.781   0.0   0.0  289
 5.650  292.5 -90  27  45   0.781   0.0   0.0  290
 5.650  295.0 -90  27  39   0.781   0.0   0.0  291
 5.650  297.5 -90  27  42   0.781   0.0   0.0  296
 5.650  300.0 -90  27  45  -0.781   0.0   0.0  299
 5.650  302.5 -90  27  39   0.781   0.0   0.0  298
 5.650  305.0 -90  27  39  -0.781   0.0   0.0  304
 5.650  307.5 -90  27  36  -0.781 210.0  30.0  308
 5.650  310.0 -90  27  36  -0.781   0.0   0.0  312
 5.650  315.0 -90  27  36   2.344 210.0  30.0  327
 5.650  317.5 -90  27  42   2.344 210.0  30.0  329
 5.700  322.5  90  27  39   3.906 210.0  30.0  332
 5.700  335.0  90  27  36  -2.344   0.0   0.0  336
 5.700  340.0  90  27  36   3.906 210.0  30.0  350
 5.700  342.5  90  27  39   3.906 210.0  30.0  353
 5.700  345.0  90  27  36   3.906 210.0  30.0  354
 5.700  347.5  90  27  36   2.344 210.0  30.0  360
 5.700  350.0  90  27  36   2.344 210.0  30.0  361
 5.700  352.5  90  27  39   3.906 210.0  30.0  363
 5.700  355.0  90  27  39   2.344 210.0  30.0  366
 5.700  362.5  90  27  36   0.781   0.0   0.0  372
 5.700  292.5 -90  27  36   0.781 270.0  30.0  291
 5.700  295.0 -90  27  48   0.781   0.0   0.0  294
 5.700  297.5 -90  27  48  -0.781   0.0   0.0  297
 5.700  300.0 -90  27  45  -0.781   0.0   0.0  299
 5.700  302.5 -90  27  45  -0.781   0.0   0.0  303
 5.700  305.0 -90  27  42  -0.781   0.0   0.0  304
 5.700  322.5 -90  27  36   2.344 210.0  30.0  333
 5.750  340.0  90  27  36   3.906 210.0  30.0  348
 5.750  342.5  90  27  36  -2.344   0.0   0.0  344
 5.750  345.0  90  27  39  -3.906   0.0   0.0  347
 5.750  352.5  90  27  36   3.906 210.0  30.0  364
 5.750  355.0  90  27  36  -2.344 210.0  30.0  363
 5.750  357.5  90  27  36  -0.781 210.0  30.0  371
 5.750  362.5  90  27  36   3.906 210.0  30.0  372
 5.750  367.5  90  27  36  -3.906   0.0   0.0  367
 5.750  295.0 -90  27  42   0.781   0.0   0.0  293
 5.750  297.5 -90  27  39   2.344   0.0   0.0  298
 5.750  300.0 -90  27  39   2.344   0.0   0.0  295
 5.750  305.0 -90  27  39   0.781   0.0   0.0  304
 5.750  310.0 -90  27  42  -0.781   0.0   0.0  308
 5.800  305.0  90  27  39  -0.781   0.0   0.0  305
 5.800  350.0  90  27  36  -0.781 270.0  30.0  361
 5.800  357.5  90  27  36  -3.906   0.0   0.0  363
 5.800  360.0  90  27  36  -3.906   0.0   0.0  364
 5.800  365.0  90  27  36   2.344 210.0  30.0  376
 5.800  372.5  90  27  36  -3.906   0.0   0.0  374
 5.800  377.5  90  27  36  -3.906   0.0   0.0  382
 5.800  380.0  90  27  36  -3.906   0.0   0.0  382
 5.800  297.5 -90  27  39   2.344   0.0   0.0  293
 5.800  300.0 -90  27  45   0.781   0.0   0.0  297
 5.800  302.5 -90  27  48  -0.781   0.0   0.0  302
 5.800  305.0 -90  27  48  -0.781   0.0   0.0  304
 5.800  307.5 -90  27  39   0.781   0.0   0.0  306
 5.800  310.0 -90  27  42   0.781   0.0   0.0  311
 5.800  312.5 -90  27  45   0.781   0.0   0.0  310
 5.800  315.0 -90  27  39   0.781   0.0   0.0  313
 5.800  317.5 -90  27  39  -0.781   0.0   0.0  319
 5.800  320.0 -90  27  39  -0.781   0.0   0.0  320
 5.850  355.0  90  27  36  -2.344   0.0   0.0  359
 5.850  357.5  90  27  39  -2.344 270.0  30.0  366
 5.850  372.5  90  27  36  -3.906   0.0   0.0  373
 5.850  297.5 -90  27  36  -2.344 270.0  30.0  299
 5.850  300.0 -90  27  36  -3.906 270.0  30.0  303
 5.850  302.5 -90  27  39  -2.344   0.0   0.0  305
 5.850  305.0 -90  27  36   2.344   0.0   0.0  303
 5.850  307.5 -90  27  39  -0.781   0.0   0.0  307
 5.850  312.5 -90  27  36  -3.906   0.0   0.0  316
 5.850  315.0 -90  27  45  -2.344   0.0   0.0  317
 5.850  317.5 -90  27  42  -2.344   0.0   0.0  318
 5.850  320.0 -90  27  39  -0.781   0.0   0.0  319
 5.900  345.0  90  27  36  -2.344 270.0  30.0  347
 5.900  365.0  90  27  36   2.344 210.0  30.0  376
 5.900  367.5  90  27  36   2.344 210.0  30.0  378
 5.900  302.5 -90  27  36  -2.344   0.0   0.0  303
 5.900  305.0 -90  27  42  -2.344   0.0   0.0  308
 5.900  307.5 -90  27  48  -2.344   0.0   0.0  309
 5.900  310.0 -90  27  42  -5.469   0.0   0.0  316
 5.900  312.5 -90  27  45  -3.906   0.0   0.0  316
 5.900  315.0 -90  27  36  -3.906   0.0   0.0  317
 5.900  317.5 -90  27  36  -5.469   0.0   0.0  321
 5.900  320.0 -90  27  42  -3.906   0.0   0.0  323
 5.900  322.5 -90  27  42  -2.344   0.0   0.0  325
 5.900  325.0 -90  27  36  -2.344   0.0   0.0  327
 5.900  327.5 -90  27  36  -2.344   0.0   0.0  328
 5.950  365.0  90  27  36   0.781 210.0  30.0  379
 5.950  367.5  90  27  36  -0.781 210.0  30.0  354
 5.950  370.0  90  27  39   0.781 210.0  30.0  382
 5.950  372.5  90  27  39   0.781 210.0  30.0  384
 5.950  377.5  90  27  36  -0.781 210.0  30.0  363
 5.950  380.0  90  27  36  -0.781 210.0  30.0  365
 5.950  382.5  90  27  36   2.344 210.0  30.0  394
 5.950  390.0  90  27  39  -3.906 270.0  30.0  393
 5.950  392.5  90  27  36  -3.906 270.0  30.0  396
 5.950  400.0  90  27  36  -3.906 270.0  30.0  405
 5.950  410.0  90  27  36  -3.906 270.0  30.0  414
 5.950  417.5  90  27  36  -5.469 270.0  30.0  423
 5.950  305.0 -90  27  36  -5.469   0.0   0.0  314
 5.950  307.5 -90  27  39  -3.906   0.0   0.0  311
 5.950  310.0 -90  27  39  -3.906   0.0   0.0  313
 5.950  312.5 -90  27  42  -3.906 270.0  30.0  318
 5.950  315.0 -90  27  39  -3.906 210.0  30.0  320
 5.950  317.5 -90  27  36  -3.906 210.0  30.0  324
 5.950  320.0 -90  27  39  -5.469   0.0   0.0  326
 5.950  322.5 -90  27  42  -3.906   0.0   0.0  328
 5.950  325.0 -90  27  39  -3.906 210.0  30.0  329
 5.950  327.5 -90  27  36  -3.906 210.0  30.0  332
 5.950  330.0 -90  27  36  -2.344 210.0  30.0  332
 5.950  337.5 -90  27  36   2.344 210.0  30.0  349
 5.950 1282.5 -90  27  36  -0.781   0.0   0.0 1286
 6.000  375.0  90  30  39  -0.781 210.0  30.0  360
 6.000  382.5  90  30  39   2.344 210.0  30.0  394
 6.000  310.0 -90  30  39  -5.469 270.0  30.0  316
 6.000  312.5 -90  30  42   5.469 270.0  30.0  320
 6.000  315.0 -90  30  45   5.469 210.0  30.0  323
 6.000  317.5 -90  30  39   5.469 210.0  30.0  325
 6.000  322.5 -90  30  39   5.469   0.0   0.0  326
 6.000  325.0 -90  30  39   2.344 210.0  30.0  337
 6.000  327.5 -90  30  39   2.344 210.0  30.0  339
 6.000  330.0 -90  30  39  -5.469   0.0   0.0  337
 6.000  342.5 -90  30  39  -5.469  90.0  30.0  335
 6.050  380.0  90  30  39   2.344 210.0  30.0  393
 6.050  385.0  90  30  39   0.781 210.0  30.0  398
 6.050  395.0  90  30  39  -2.344 210.0  30.0  381
 6.050  402.5  90  30  39   0.781 210.0  30.0  416
 6.050  310.0 -90  30  39  -5.469 270.0  30.0  316
 6.050  312.5 -90  30  42  -5.469 270.0  30.0  318
 6.050  315.0 -90  30  42  -5.469   0.0   0.0  322
 6.050  320.0 -90  30  45  -5.469 270.0  30.0  326
 6.050  322.5 -90  30  42  -5.469 270.0  30.0  328
 6.050  330.0 -90  30  42   5.469   0.0   0.0  344
 6.050  332.5 -90  30  39   5.469   0.0   0.0  344
 6.050  340.0 -90  30  39  -5.469 210.0  30.0  345
 6.050  347.5 -90  30  42   5.469   0.0   0.0  355
 6.100  372.5  90  27  39  -2.344 210.0  30.0  360
 6.100  375.0  90  27  36  -0.781 210.0  30.0  389
 6.100  377.5  90  27  36  -2.344 210.0  30.0  367
 6.100  380.0  90  27  42  -3.906 210.0  30.0  369
 6.100  382.5  90  27  39  -2.344 210.0  30.0  368
 6.100  385.0  90  27  39   0.781 210.0  30.0  399
 6.100  392.5  90  27  39  -0.781 210.0  30.0  407
 6.100  395.0  90  27  36  -2.344 270.0  30.0  410
 6.100  397.5  90  27  36  -2.344 270.0  30.0  384
 6.100  400.0  90  27  36   2.344 210.0  30.0  413
 6.100  402.5  90  27  36  -5.469 210.0  30.0  393
 6.100  415.0  90  27  36  -0.781 210.0  30.0  403
 6.100  425.0  90  27  36  -2.344 210.0  30.0  411
 6.100  440.0  90  27  39  -0.781 210.0  30.0  425
 6.100  317.5 -90  27  39  -2.344 270.0  30.0  322
 6.100  320.0 -90  27  45  -2.344 270.0  30.0  323
 6.100  322.5 -90  27  45  -3.906 270.0  30.0  325
 6.100  325.0 -90  27  42  -5.469 210.0  30.0  331
 6.100  327.5 -90  27  45  -5.469 210.0  30.0  333
 6.100  330.0 -90  27  39  -5.469 210.0  30.0  333
 6.100  332.5 -90  27  45  -5.469 210.0  30.0  338
 6.100  335.0 -90  27  45  -5.469 210.0  30.0  340
 6.100  337.5 -90  27  39  -2.344 210.0  30.0  347
 6.100  342.5 -90  27  36   2.344 210.0  30.0  354
 6.100  345.0 -90  27  36  -3.906   0.0   0.0  347
 6.100  352.5 -90  27  36   5.469   0.0   0.0  341
 6.100  355.0 -90  27  39   5.469   0.0   0.0  348
 6.100  357.5 -90  27  36   2.344 210.0  30.0  368
 6.100  372.5 -90  27  36   2.344 210.0  30.0  384
 6.100  382.5 -90  27  36   0.781 210.0  30.0  397
 6.150  405.0  90  30  39  -2.344 210.0  30.0  392
 6.150  410.0  90  30  39   0.781 210.0  30.0  423
 6.150  427.5  90  30  39  -0.781 210.0  30.0  414
 6.150  317.5 -90  30  39  -3.906 270.0  30.0  323
 6.150  320.0 -90  30  42  -3.906 270.0  30.0  325
 6.150  322.5 -90  30  48  -2.344 270.0  30.0  325
 6.150  325.0 -90  30  42  -2.344 270.0  30.0  327
 6.150  327.5 -90  30  39  -2.344   0.0   0.0  329
 6.150  335.0 -90  30  39  -0.781   0.0   0.0  335
 6.150  337.5 -90  30  45  -3.906   0.0   0.0  341
 6.150  340.0 -90  30  39  -3.906   0.0   0.0  342
 6.150  342.5 -90  30  39   2.344   0.0   0.0  337
 6.150  345.0 -90  30  39  -2.344 210.0  30.0  333
 6.150  352.5 -90  30  39  -2.344 270.0  30.0  356
 6.150  360.0 -90  30  39  -5.469  90.0  30.0  352
 6.150  362.5 -90  30  39  -5.469  90.0  30.0  354
 6.150  365.0 -90  30  39  -3.906   0.0   0.0  364
 6.200  382.5  90  27  36   2.344 270.0  30.0  392
 6.200  395.0  90  27  36  -0.781 210.0  30.0  381
 6.200  400.0  90  27  36   0.781 210.0  30.0  414
 6.200  402.5  90  27  39  -0.781 210.0  30.0  389
 6.200  407.5  90  27  36   0.781 210.0  30.0  393
 6.200  412.5  90  27  36   0.781 270.0  30.0  427
 6.200  420.0  90  27  36   0.781 210.0  30.0  434
 6.200  457.5  90  27  36   0.781 210.0  30.0  472
 6.200  480.0  90  27  36  -2.344 210.0  30.0  494
 6.200  322.5 -90  27  36  -3.906 270.0  30.0  325
 6.200  325.0 -90  27  39   0.781   0.0   0.0  324
 6.200  327.5 -90  27  39  -3.906 270.0  30.0  330
 6.200  330.0 -90  27  39  -3.906 270.0  30.0  334
 6.200  332.5 -90  27  39  -2.344 210.0  30.0  334
 6.200  335.0 -90  27  42  -5.469 270.0  30.0  341
 6.200  337.5 -90  27  39   2.344   0.0   0.0  336
 6.200  340.0 -90  27  42  -5.469 210.0  30.0  345
 6.200  342.5 -90  27  42  -5.469 270.0  30.0  348
 6.200  345.0 -90  27  42  -5.469 210.0  30.0  352
 6.200  347.5 -90  27  39  -5.469 210.0  30.0  351
 6.200  350.0 -90  27  39   2.344 210.0  30.0  360
 6.200  352.5 -90  27  36  -5.469 210.0  30.0  359
 6.200  355.0 -90  27  39   0.781 210.0  30.0  369
 6.200  357.5 -90  27  39   0.781 210.0  30.0  370
 6.200  360.0 -90  27  36  -5.469   0.0   0.0  373
 6.200  362.5 -90  27  36  -3.906 210.0  30.0  366
 6.200  365.0 -90  27  36  -3.906 270.0  30.0  365
 6.200  372.5 -90  27  36   2.344 210.0  30.0  382
 6.200  390.0 -90  27  36  -3.906   0.0   0.0  397
 6.250  457.5  90  30  39  -0.781 210.0  30.0  472
 6.250  330.0 -90  30  42  -5.469 270.0  30.0  337
 6.250  332.5 -90  30  45  -5.469 270.0  30.0  339
 6.250  340.0 -90  30  39   5.469   0.0   0.0  345
 6.250  345.0 -90  30  39  -2.344   0.0   0.0  351
 6.250  347.5 -90  30  45   5.469 210.0  30.0  354
 6.250  350.0 -90  30  42   5.469 210.0  30.0  360
 6.250  352.5 -90  30  48   5.469 210.0  30.0  361
 6.250  355.0 -90  30  45   5.469 270.0  30.0  362
 6.250  357.5 -90  30  42   5.469 210.0  30.0  365
 6.250  360.0 -90  30  45   5.469 270.0  30.0  366
 6.250  365.0 -90  30  39  -5.469   0.0   0.0  371
 6.250  367.5 -90  30  39   2.344 210.0  30.0  378
 6.250  370.0 -90  30  39   0.781 210.0  30.0  383
 6.250  372.5 -90  30  39   0.781 210.0  30.0  385
 6.300  285.0  90  27  36  -5.469   0.0   0.0  284
 6.300  387.5  90  27  36  -2.344 210.0  30.0  375
 6.300  417.5  90  27  36  -2.344 210.0  30.0  406
 6.300  420.0  90  27  39  -3.906 210.0  30.0  406
 6.300  425.0  90  27  36  -0.781 150.0  30.0  440
 6.300  437.5  90  27  36  -0.781 210.0  30.0  423
 6.300  447.5  90  27  36  -3.906 210.0  30.0  436
 6.300  450.0  90  27  36  -5.469 210.0  30.0  441
 6.300  325.0 -90  27  36  -0.781 210.0  30.0  310
 6.300  335.0 -90  27  36   0.781 210.0  30.0  343
 6.300  337.5 -90  27  45   5.469 270.0  30.0  345
 6.300  340.0 -90  27  39   3.906 270.0  30.0  347
 6.300  342.5 -90  27  36  -0.781 210.0  30.0  356
 6.300  345.0 -90  27  42   5.469 270.0  30.0  353
 6.300  347.5 -90  27  39  -0.781 330.0  30.0  346
 6.300  350.0 -90  27  39   3.906   0.0   0.0  359
 6.300  352.5 -90  27  42  -0.781 210.0  30.0  343
 6.300  355.0 -90  27  39   0.781 210.0  30.0  342
 6.300  357.5 -90  27  42   3.906 210.0  30.0  366
 6.300  360.0 -90  27  39   3.906 210.0  30.0  369
 6.300  362.5 -90  27  45   3.906 210.0  30.0  371
 6.300  365.0 -90  27  39   3.906 210.0  30.0  371
 6.300  367.5 -90  27  39   3.906   0.0   0.0  375
 6.300  370.0 -90  27  39   5.469 270.0  30.0  378
 6.300  372.5 -90  27  39   0.781 210.0  30.0  386
 6.300  375.0 -90  27  36   0.781 210.0  30.0  360
 6.300  377.5 -90  27  36   5.469   0.0   0.0  388
 6.300  380.0 -90  27  39   0.781 210.0  30.0  393
 6.300  387.5 -90  27  36  -0.781 210.0  30.0  401
 6.300  405.0 -90  27  39  -0.781 210.0  30.0  391
 6.300  407.5 -90  27  36   0.781 210.0  30.0  422
 6.300  425.0 -90  27  36   2.344 210.0  30.0  437
 6.350  342.5 -90  27  36   5.469   0.0   0.0  351
 6.350  345.0 -90  27  39   5.469 270.0  30.0  353
 6.350  347.5 -90  27  42   5.469 270.0  30.0  356
 6.350  350.0 -90  27  42   3.906 270.0  30.0  359
 6.350  352.5 -90  27  42   3.906 270.0  30.0  362
 6.350  355.0 -90  27  42   3.906 210.0  30.0  364
 6.350  360.0 -90  27  42  -2.344 210.0  30.0  347
 6.350  362.5 -90  27  39   3.906   0.0   0.0  366
 6.350  365.0 -90  27  42   3.906 270.0  30.0  376
 6.350  367.5 -90  27  45   3.906 210.0  30.0  379
 6.350  370.0 -90  27  36   3.906 210.0  30.0  377
 6.350  372.5 -90  27  39   3.906 270.0  30.0  380
 6.350  375.0 -90  27  45   3.906   0.0   0.0  384
 6.350  377.5 -90  27  42   2.344 210.0  30.0  386
 6.350  380.0 -90  27  39   3.906  90.0  30.0  365
 6.350  382.5 -90  27  39   3.906 270.0  30.0  396
 6.350  385.0 -90  27  39  -0.781 210.0  30.0  370
 6.350  387.5 -90  27  36   3.906   0.0   0.0  375
 6.350  392.5 -90  27  39   3.906   0.0   0.0  389
 6.350  395.0 -90  27  39   3.906   0.0   0.0  389
 6.350  407.5 -90  27  36   3.906  90.0  30.0  406
 6.350  435.0 -90  27  36   2.344   0.0   0.0  445
 6.400  432.5  90  27  36   2.344   0.0   0.0  418
 6.400  445.0  90  27  36  -0.781 210.0  30.0  457
 6.400  347.5 -90  27  36  -3.906 210.0  30.0  334
 6.400  350.0 -90  27  36   3.906 210.0  30.0  359
 6.400  352.5 -90  27  42   3.906 210.0  30.0  364
 6.400  355.0 -90  27  42   3.906 270.0  30.0  366
 6.400  357.5 -90  27  42   2.344 270.0  30.0  367
 6.400  360.0 -90  27  39   3.906 210.0  30.0  372
 6.400  362.5 -90  27  42   3.906 270.0  30.0  372
 6.400  365.0 -90  27  36   0.781   0.0   0.0  367
 6.400  367.5 -90  27  39   2.344 210.0  30.0  380
 6.400  370.0 -90  27  36   2.344 270.0  30.0  384
 6.400  372.5 -90  27  36   2.344   0.0   0.0  383
 6.400  375.0 -90  27  39  -3.906 210.0  30.0  363
 6.400  377.5 -90  27  36   0.781 210.0  30.0  367
 6.400  380.0 -90  27  39   2.344 210.0  30.0  392
 6.400  382.5 -90  27  39   2.344 210.0  30.0  394
 6.400  385.0 -90  27  39   3.906   0.0   0.0  373
 6.400  387.5 -90  27  36   3.906 210.0  30.0  382
 6.400  392.5 -90  27  36   2.344 210.0  30.0  406
 6.400  395.0 -90  27  36   3.906  90.0  30.0  392
 6.400  397.5 -90  27  39   2.344 210.0  30.0  406
 6.400  400.0 -90  27  36   2.344 210.0  30.0  406
 6.400  402.5 -90  27  39   2.344 270.0  30.0  417
 6.400  405.0 -90  27  42   2.344 270.0  30.0  417
 6.400  407.5 -90  27  42   0.781 270.0  30.0  420
 6.400  410.0 -90  27  39   0.781 270.0  30.0  422
 6.400  430.0 -90  27  36   0.781   0.0   0.0  416
 6.400  672.5 -90  27  36   0.781   0.0   0.0  658
 6.450 1005.0  90  27  36  -5.469   0.0   0.0  992
 6.450  350.0 -90  27  36  -3.906 210.0  30.0  340
 6.450  357.5 -90  27  36  -3.906 210.0  30.0  347
 6.450  362.5 -90  27  36   3.906 270.0  30.0  373
 6.450  367.5 -90  27  39   3.906 270.0  30.0  377
 6.450  370.0 -90  27  39   3.906 270.0  30.0  380
 6.450  372.5 -90  27  36   3.906 270.0  30.0  382
 6.450  377.5 -90  27  36   3.906 270.0  30.0  386
 6.450  380.0 -90  27  39   3.906 210.0  30.0  389
 6.450  382.5 -90  27  36   3.906 210.0  30.0  391
 6.450  387.5 -90  27  36  -5.469 210.0  30.0  376
 6.450  392.5 -90  27  36   0.781 210.0  30.0  405
 6.450  395.0 -90  27  36   2.344 210.0  30.0  395
 6.450  400.0 -90  27  36   3.906 210.0  30.0  387
 6.450  405.0 -90  27  36   0.781 270.0  30.0  390
 6.450  417.5 -90  27  36   2.344 270.0  30.0  428
 6.450  420.0 -90  27  36   0.781 210.0  30.0  433
 6.450  425.0 -90  27  39   0.781   0.0   0.0  420
 6.450  430.0 -90  27  36   0.781  30.0  30.0  422
 6.450  432.5 -90  27  36   0.781 270.0  30.0  444
 6.450  435.0 -90  27  36   0.781 270.0  30.0  420
 6.450  437.5 -90  27  36   0.781 270.0  30.0  424
 6.450  440.0 -90  27  36   0.781   0.0   0.0  439
 6.450  442.5 -90  27  36   0.781   0.0   0.0  439
 6.450  447.5 -90  27  36   2.344   0.0   0.0  448
 6.450  455.0 -90  27  36   0.781 270.0  30.0  442
 6.450  457.5 -90  27  36   0.781 210.0  30.0  471
 6.450  480.0 -90  27  36   0.781   0.0   0.0  488
 6.450  485.0 -90  27  36   0.781 210.0  30.0  498
 6.500  370.0 -90  30  39  -3.906 210.0  30.0  361
 6.500  372.5 -90  30  39  -3.906 210.0  30.0  362
 6.500  387.5 -90  30  39  -3.906 210.0  30.0  375
 6.500  407.5 -90  30  39   3.906 270.0  30.0  415
 6.550  350.0 -90  30  39  -0.781 330.0  30.0  352
 6.550  352.5 -90  30  39  -0.781 330.0  30.0  351
 6.550  360.0 -90  30  39  -0.781   0.0   0.0  358
 6.650  405.0 -90  30  39  -5.469 150.0  30.0  396
 6.650  422.5 -90  30  39   5.469 210.0  30.0  418
 6.700  432.5 -90  30  39  -5.469 210.0  30.0  424
 7.200  397.5  90  30  39   0.781   0.0   0.0  397
 7.200 1202.5 -90  30  39  -2.344   0.0   0.0 1201
 7.250  730.0  90  30  39   3.906   0.0   0.0  716
 7.350  790.0  90  30  39   5.469   0.0   0.0  780
 7.400  257.5  90  30  39   2.344   0.0   0.0  253
 7.400  495.0  90  30  39   0.781   0.0   0.0  483
 7.400  982.5 -90  30  39  -0.781   0.0   0.0  981
 7.500 1105.0  90  30  39  -5.469   0.0   0.0 1108
 7.500  430.0 -90  30  39   3.906   0.0   0.0  416
 7.950  515.0  90  30  39   3.906   0.0   0.0  508
 8.150  355.0 -90  30  39  -5.469   0.0   0.0  350
 8.250 1265.0 -90  30  39  -3.906   0.0   0.0 1268
 8.500  775.0  90  30  39   2.344   0.0   0.0  770
 8.500 1002.5 -90  30  39   2.344   0.0   0.0 1014
 8.550 1067.5  90  33  42  -0.781   0.0   0.0 1074
 8.800 1125.0 -90  33  42  -0.781   0.0   0.0 1110
 9.000  992.5  90  33  42  -0.781   0.0   0.0  989
 9.050 1282.5 -90  33  42  -3.906   0.0   0.0 1295
 9.250  942.5  90  33  42   0.781   0.0   0.0  940
 9.250  945.0  90  33  42   0.781   0.0   0.0  945
 9.300  770.0  90  33  42  -2.344   0.0   0.0  784
 9.450  330.0  90  33  42   2.344   0.0   0.0  319