2012.06.16 (168) 09:58:30.000
Station name: Zhong Shan
URSI code: ZS36R
Ionosonde model: DPS-4D
  Freq  Range Pol MPA Amp Doppler    Az    Zn  PGH
 0.500  147.5 -90  51  60  -1.563   0.0   0.0
 0.500  217.5 -90  51  60   7.813   0.0   0.0
 0.500 1250.0 -90  51  60 -10.938   0.0   0.0
 0.650  275.0 -90  42  51  -7.813   0.0   0.0
 0.650  580.0 -90  42  51 -10.938   0.0   0.0
 0.650  655.0 -90  42  51   7.813   0.0   0.0
 0.900  262.5  90  39  48   1.563   0.0   0.0
 0.900  605.0  90  39  48 -10.938   0.0   0.0
 0.900  610.0  90  39  48  10.938   0.0   0.0
 0.900 1252.5  90  39  48  -7.813   0.0   0.0
 0.900 1257.5  90  39  48  -4.688   0.0   0.0
 0.950  757.5  90  39  48  10.938   0.0   0.0
 0.950  732.5 -90  39  48  10.938   0.0   0.0
 1.050  430.0  90  33  42  10.938   0.0   0.0
 1.050  645.0  90  33  42   4.688   0.0   0.0
 1.050  582.5 -90  33  42   1.563   0.0   0.0
 1.300   82.5  90  33  42  -1.563   0.0   0.0
 1.300   90.0  90  33  42  -1.563   0.0   0.0
 1.300   80.0 -90  33  42  -1.563   0.0   0.0
 1.300   87.5 -90  33  42  -1.563   0.0   0.0
 1.350  450.0  90  33  42   1.563   0.0   0.0
 1.350  457.5  90  33  42  10.938   0.0   0.0
 1.350  460.0  90  33  42   1.563   0.0   0.0
 1.350  477.5  90  33  42 -10.938   0.0   0.0
 1.350  480.0  90  33  42 -10.938   0.0   0.0
 1.350  490.0  90  33  42  10.938   0.0   0.0
 1.350  492.5  90  33  42  10.938   0.0   0.0
 1.350  637.5  90  33  42   1.563   0.0   0.0
 1.350  640.0  90  33  42   4.688   0.0   0.0
 1.350  662.5  90  33  42 -10.938   0.0   0.0
 1.350  682.5  90  33  42  -7.813   0.0   0.0
 1.350  685.0  90  33  42  -7.813   0.0   0.0
 1.350 1165.0  90  33  42  10.938   0.0   0.0
 1.350 1172.5  90  33  42  -1.563   0.0   0.0
 1.350 1195.0  90  33  42  -7.813   0.0   0.0
 1.350 1200.0  90  33  42   7.813   0.0   0.0
 1.350 1207.5  90  33  42   4.688   0.0   0.0
 1.350 1210.0  90  33  45   1.563   0.0   0.0
 1.350 1212.5  90  33  45   1.563   0.0   0.0
 1.350 1215.0  90  33  42   1.563   0.0   0.0
 1.350 1225.0  90  33  42  -1.563   0.0   0.0
 1.350 1197.5 -90  36  45   7.813   0.0   0.0
 1.350 1200.0 -90  36  45   7.813   0.0   0.0
 1.600 1192.5 -90  36  45  -1.563   0.0   0.0
 1.650  925.0 -90  33  42  10.938   0.0   0.0
 2.050  467.5  90  27  36  10.938   0.0   0.0
 2.150   85.0  90  21  30  -1.563   0.0   0.0
 2.150   90.0  90  21  30   1.563   0.0   0.0
 2.150  105.0  90  21  30   1.563   0.0   0.0
 2.150  112.5  90  21  30   1.563   0.0   0.0
 2.150  145.0  90  21  30  -1.563   0.0   0.0
 2.150  147.5  90  21  30   4.688   0.0   0.0
 2.150  152.5  90  21  30  10.938   0.0   0.0
 2.150  195.0  90  21  30  -4.688   0.0   0.0
 2.150  205.0  90  21  30  10.938   0.0   0.0
 2.150  212.5  90  21  30  10.938   0.0   0.0
 2.150  215.0  90  21  30   7.813   0.0   0.0
 2.150  245.0  90  21  30  -1.563   0.0   0.0
 2.150  250.0  90  21  30 -10.938   0.0   0.0
 2.150  260.0  90  21  30  -4.688   0.0   0.0
 2.150  262.5  90  21  33  -1.563   0.0   0.0
 2.150  270.0  90  21  30  -7.813   0.0   0.0
 2.150  282.5  90  21  30  -1.563   0.0   0.0
 2.150  290.0  90  21  30  10.938   0.0   0.0
 2.150  292.5  90  21  30 -10.938   0.0   0.0
 2.150  307.5  90  21  30  -4.688   0.0   0.0
 2.150  317.5  90  21  30   4.688   0.0   0.0
 2.150  322.5  90  21  30   1.563   0.0   0.0
 2.150  330.0  90  21  30   1.563   0.0   0.0
 2.150  332.5  90  21  30  -1.563   0.0   0.0
 2.150  342.5  90  21  30   4.688   0.0   0.0
 2.150  347.5  90  21  30  -1.563   0.0   0.0
 2.150  350.0  90  21  30   1.563   0.0   0.0
 2.150  355.0  90  21  30  -4.688   0.0   0.0
 2.150  362.5  90  21  30  -1.563   0.0   0.0
 2.150  387.5  90  21  30   4.688   0.0   0.0
 2.150  407.5  90  21  33   7.813   0.0   0.0
 2.150  410.0  90  21  30   7.813   0.0   0.0
 2.150  417.5  90  21  30  10.938   0.0   0.0
 2.150  430.0  90  21  33  -7.813   0.0   0.0
 2.150  437.5  90  21  30  10.938   0.0   0.0
 2.150  445.0  90  21  30  10.938   0.0   0.0
 2.150  465.0  90  21  30 -10.938   0.0   0.0
 2.150  472.5  90  21  33  -7.813   0.0   0.0
 2.150  475.0  90  21  30  -1.563   0.0   0.0
 2.150  487.5  90  21  30   4.688   0.0   0.0
 2.150  495.0  90  21  30  -4.688   0.0   0.0
 2.150  520.0  90  21  30  -1.563   0.0   0.0
 2.150  532.5  90  21  30   7.813   0.0   0.0
 2.150  540.0  90  21  30   1.563   0.0   0.0
 2.150  557.5  90  21  30   4.688   0.0   0.0
 2.150  565.0  90  21  30  -4.688   0.0   0.0
 2.150  580.0  90  21  30   1.563   0.0   0.0
 2.150  607.5  90  21  30   7.813   0.0   0.0
 2.150  645.0  90  21  30  -4.688   0.0   0.0
 2.150  655.0  90  21  30  -4.688   0.0   0.0
 2.150  665.0  90  21  30  10.938   0.0   0.0
 2.150  687.5  90  21  30  10.938   0.0   0.0
 2.150  697.5  90  21  30   7.813   0.0   0.0
 2.150  730.0  90  21  33  -7.813   0.0   0.0
 2.150  752.5  90  21  33  -7.813   0.0   0.0
 2.150  757.5  90  21  30  10.938   0.0   0.0
 2.150  792.5  90  21  30  -1.563   0.0   0.0
 2.150  802.5  90  21  30  -1.563   0.0   0.0
 2.150  810.0  90  21  30  -1.563   0.0   0.0
 2.150  822.5  90  21  30   4.688   0.0   0.0
 2.150  852.5  90  21  30  10.938   0.0   0.0
 2.150  877.5  90  21  30   1.563   0.0   0.0
 2.150  890.0  90  21  30  -1.563   0.0   0.0
 2.150  930.0  90  21  30 -10.938   0.0   0.0
 2.150  935.0  90  21  30  -4.688   0.0   0.0
 2.150  997.5  90  21  30  -1.563   0.0   0.0
 2.150 1035.0  90  21  30  -1.563   0.0   0.0
 2.150 1040.0  90  21  30 -10.938   0.0   0.0
 2.150 1045.0  90  21  30  -4.688   0.0   0.0
 2.150 1055.0  90  21  30  10.938   0.0   0.0
 2.150 1065.0  90  21  30   4.688   0.0   0.0
 2.150 1070.0  90  21  30 -10.938   0.0   0.0
 2.150 1090.0  90  21  30 -10.938   0.0   0.0
 2.150 1100.0  90  21  30  -1.563   0.0   0.0
 2.150 1115.0  90  21  30  -7.813   0.0   0.0
 2.150 1117.5  90  21  30 -10.938   0.0   0.0
 2.150 1125.0  90  21  30   1.563   0.0   0.0
 2.150 1132.5  90  21  30   4.688   0.0   0.0
 2.150 1177.5  90  21  30   4.688   0.0   0.0
 2.150 1192.5  90  21  30   1.563   0.0   0.0
 2.150 1197.5  90  21  30 -10.938   0.0   0.0
 2.150 1220.0  90  21  30   1.563   0.0   0.0
 2.150 1227.5  90  21  30  10.938   0.0   0.0
 2.150 1255.0  90  21  30  10.938   0.0   0.0
 2.150 1272.5  90  21  33   1.563   0.0   0.0
 2.150 1282.5  90  21  30   4.688   0.0   0.0
 2.250   87.5  90  21  30   1.563   0.0   0.0
 2.250   95.0  90  21  30  -4.688   0.0   0.0
 2.250  102.5  90  21  33  -1.563   0.0   0.0
 2.250  105.0  90  21  36   1.563   0.0   0.0
 2.250  107.5  90  21  33   1.563   0.0   0.0
 2.250  110.0  90  21  33   4.688   0.0   0.0
 2.250  120.0  90  21  30  -1.563   0.0   0.0
 2.250  130.0  90  21  30  10.938   0.0   0.0
 2.250  140.0  90  21  30   7.813   0.0   0.0
 2.250  152.5  90  21  30  -1.563   0.0   0.0
 2.250  185.0  90  21  30  10.938   0.0   0.0
 2.250  190.0  90  21  30   7.813   0.0   0.0
 2.250  202.5  90  21  30   1.563   0.0   0.0
 2.250  207.5  90  21  30   7.813   0.0   0.0
 2.250  212.5  90  21  30   1.563   0.0   0.0
 2.250  215.0  90  21  33 -10.938   0.0   0.0
 2.250  227.5  90  21  33  -4.688   0.0   0.0
 2.250  240.0  90  21  30  -4.688   0.0   0.0
 2.250  297.5  90  21  30   7.813   0.0   0.0
 2.250  325.0  90  21  33   1.563   0.0   0.0
 2.250  337.5  90  21  30  10.938   0.0   0.0
 2.250  357.5  90  21  30   4.688   0.0   0.0
 2.250  395.0  90  21  30   4.688   0.0   0.0
 2.250  415.0  90  21  30  -1.563   0.0   0.0
 2.250  427.5  90  21  30  -4.688   0.0   0.0
 2.250  477.5  90  21  30   7.813   0.0   0.0
 2.250  482.5  90  21  30  -7.813   0.0   0.0
 2.250  510.0  90  21  30 -10.938   0.0   0.0
 2.250  515.0  90  21  30   4.688   0.0   0.0
 2.250  532.5  90  21  30  10.938   0.0   0.0
 2.250  540.0  90  21  30  -4.688   0.0   0.0
 2.250  550.0  90  21  30  -1.563   0.0   0.0
 2.250  555.0  90  21  30   7.813   0.0   0.0
 2.250  587.5  90  21  30  -1.563   0.0   0.0
 2.250  592.5  90  21  30  -7.813   0.0   0.0
 2.250  600.0  90  21  30  -4.688   0.0   0.0
 2.250  607.5  90  21  30  -7.813   0.0   0.0
 2.250  622.5  90  21  30   7.813   0.0   0.0
 2.250  635.0  90  21  30  -1.563   0.0   0.0
 2.250  650.0  90  21  30   4.688   0.0   0.0
 2.250  662.5  90  21  30  -1.563   0.0   0.0
 2.250  677.5  90  21  30  -1.563   0.0   0.0
 2.250  687.5  90  21  30  -4.688   0.0   0.0
 2.250  695.0  90  21  30   1.563   0.0   0.0
 2.250  697.5  90  21  30  -4.688   0.0   0.0
 2.250  705.0  90  21  30  -7.813   0.0   0.0
 2.250  715.0  90  21  30 -10.938   0.0   0.0
 2.250  717.5  90  21  30 -10.938   0.0   0.0
 2.250  722.5  90  21  30  -4.688   0.0   0.0
 2.250  725.0  90  21  30  10.938   0.0   0.0
 2.250  735.0  90  21  30  -7.813   0.0   0.0
 2.250  737.5  90  21  30  -1.563   0.0   0.0
 2.250  740.0  90  21  30  -7.813   0.0   0.0
 2.250  745.0  90  21  30   1.563   0.0   0.0
 2.250  765.0  90  21  30  -4.688   0.0   0.0
 2.250  767.5  90  21  30 -10.938   0.0   0.0
 2.250  782.5  90  21  30  10.938   0.0   0.0
 2.250  785.0  90  21  30   7.813   0.0   0.0
 2.250  810.0  90  21  30   4.688   0.0   0.0
 2.250  820.0  90  21  30 -10.938   0.0   0.0
 2.250  827.5  90  21  30  -4.688   0.0   0.0
 2.250  837.5  90  21  30  10.938   0.0   0.0
 2.250  840.0  90  21  30  -1.563   0.0   0.0
 2.250  845.0  90  21  30  10.938   0.0   0.0
 2.250  850.0  90  21  30  10.938   0.0   0.0
 2.250  860.0  90  21  30 -10.938   0.0   0.0
 2.250  865.0  90  21  30   7.813   0.0   0.0
 2.250  867.5  90  21  30 -10.938   0.0   0.0
 2.250  882.5  90  21  30  10.938   0.0   0.0
 2.250  885.0  90  21  30 -10.938   0.0   0.0
 2.250  895.0  90  21  30   4.688   0.0   0.0
 2.250  902.5  90  21  30   7.813   0.0   0.0
 2.250  905.0  90  21  30   1.563   0.0   0.0
 2.250  932.5  90  21  30  10.938   0.0   0.0
 2.250  980.0  90  21  30  -7.813   0.0   0.0
 2.250  982.5  90  21  30   1.563   0.0   0.0
 2.250  990.0  90  21  30  10.938   0.0   0.0
 2.250  995.0  90  21  30   1.563   0.0   0.0
 2.250  997.5  90  21  30  -4.688   0.0   0.0
 2.250 1002.5  90  21  30  10.938   0.0   0.0
 2.250 1005.0  90  21  30   4.688   0.0   0.0
 2.250 1035.0  90  21  30   4.688   0.0   0.0
 2.250 1047.5  90  21  30 -10.938   0.0   0.0
 2.250 1050.0  90  21  30  -1.563   0.0   0.0
 2.250 1052.5  90  21  30   4.688   0.0   0.0
 2.250 1057.5  90  21  30   1.563   0.0   0.0
 2.250 1060.0  90  21  30 -10.938   0.0   0.0
 2.250 1062.5  90  21  30  10.938   0.0   0.0
 2.250 1065.0  90  21  30  -4.688   0.0   0.0
 2.250 1077.5  90  21  30 -10.938   0.0   0.0
 2.250 1080.0  90  21  30  10.938   0.0   0.0
 2.250 1085.0  90  21  30  10.938   0.0   0.0
 2.250 1100.0  90  21  30  10.938   0.0   0.0
 2.250 1110.0  90  21  30   1.563   0.0   0.0
 2.250 1112.5  90  21  33 -10.938   0.0   0.0
 2.250 1115.0  90  21  30   4.688   0.0   0.0
 2.250 1117.5  90  21  30   4.688   0.0   0.0
 2.250 1122.5  90  21  30   7.813   0.0   0.0
 2.250 1127.5  90  21  30  -1.563   0.0   0.0
 2.250 1132.5  90  21  30   7.813   0.0   0.0
 2.250 1135.0  90  21  30  -1.563   0.0   0.0
 2.250 1172.5  90  21  30  -7.813   0.0   0.0
 2.250 1180.0  90  21  30   4.688   0.0   0.0
 2.250 1187.5  90  21  30  -4.688   0.0   0.0
 2.250 1192.5  90  21  30  -1.563   0.0   0.0
 2.250 1195.0  90  21  30 -10.938   0.0   0.0
 2.250 1207.5  90  21  30  -4.688   0.0   0.0
 2.250 1215.0  90  21  30   4.688   0.0   0.0
 2.250 1222.5  90  21  30   7.813   0.0   0.0
 2.250 1230.0  90  21  30   4.688   0.0   0.0
 2.250 1245.0  90  21  33  -7.813   0.0   0.0
 2.250 1250.0  90  21  30  -7.813   0.0   0.0
 2.250 1262.5  90  21  30   7.813   0.0   0.0
 2.250 1265.0  90  21  30   7.813   0.0   0.0
 2.250 1277.5  90  21  30 -10.938   0.0   0.0
 2.250 1282.5  90  21  30  -4.688   0.0   0.0
 2.250   90.0 -90  21  33   1.563   0.0   0.0
 2.250   92.5 -90  21  30  10.938   0.0   0.0
 2.250   97.5 -90  21  30  10.938   0.0   0.0
 2.250  105.0 -90  21  30   1.563   0.0   0.0
 2.250  117.5 -90  21  30 -10.938   0.0   0.0
 2.250  122.5 -90  21  30   4.688   0.0   0.0
 2.250  127.5 -90  21  30  -7.813   0.0   0.0
 2.250  137.5 -90  21  30  -7.813   0.0   0.0
 2.250  162.5 -90  21  30   7.813   0.0   0.0
 2.250  165.0 -90  21  30  10.938   0.0   0.0
 2.250  197.5 -90  21  30  -7.813   0.0   0.0
 2.250  202.5 -90  21  30  -4.688   0.0   0.0
 2.250  210.0 -90  21  30   4.688   0.0   0.0
 2.250  250.0 -90  21  30   7.813   0.0   0.0
 2.250  262.5 -90  21  30  -1.563   0.0   0.0
 2.250  302.5 -90  21  30  -7.813   0.0   0.0
 2.250  315.0 -90  21  30   4.688   0.0   0.0
 2.250  322.5 -90  21  30  -4.688   0.0   0.0
 2.250  325.0 -90  21  30   1.563   0.0   0.0
 2.250  337.5 -90  21  30   7.813   0.0   0.0
 2.250  400.0 -90  21  30  -4.688   0.0   0.0
 2.250  415.0 -90  21  30  -7.813   0.0   0.0
 2.250  417.5 -90  21  30   4.688   0.0   0.0
 2.250  442.5 -90  21  30  -7.813   0.0   0.0
 2.250  462.5 -90  21  30   7.813   0.0   0.0
 2.250  477.5 -90  21  30   1.563   0.0   0.0
 2.250  535.0 -90  21  30   7.813   0.0   0.0
 2.250  575.0 -90  21  30  10.938   0.0   0.0
 2.250  602.5 -90  21  30  -4.688   0.0   0.0
 2.250  605.0 -90  21  30  -4.688   0.0   0.0
 2.250  607.5 -90  21  30  10.938   0.0   0.0
 2.250  610.0 -90  21  33   1.563   0.0   0.0
 2.250  622.5 -90  21  30 -10.938   0.0   0.0
 2.250  630.0 -90  21  30   4.688   0.0   0.0
 2.250  635.0 -90  21  30  10.938   0.0   0.0
 2.250  645.0 -90  21  30   4.688   0.0   0.0
 2.250  650.0 -90  21  30  10.938   0.0   0.0
 2.250  652.5 -90  21  30  -4.688   0.0   0.0
 2.250  680.0 -90  21  30  -7.813   0.0   0.0
 2.250  690.0 -90  21  30 -10.938   0.0   0.0
 2.250  700.0 -90  21  30   4.688   0.0   0.0
 2.250  707.5 -90  21  30 -10.938   0.0   0.0
 2.250  747.5 -90  21  33  -7.813   0.0   0.0
 2.250  755.0 -90  21  30   1.563   0.0   0.0
 2.250  765.0 -90  21  30   1.563   0.0   0.0
 2.250  770.0 -90  21  30 -10.938   0.0   0.0
 2.250  775.0 -90  21  30 -10.938   0.0   0.0
 2.250  795.0 -90  21  30  -1.563   0.0   0.0
 2.250  807.5 -90  21  30   4.688   0.0   0.0
 2.250  857.5 -90  21  30   1.563   0.0   0.0
 2.250  860.0 -90  21  30   7.813   0.0   0.0
 2.250  865.0 -90  21  30  -4.688   0.0   0.0
 2.250  882.5 -90  21  30   7.813   0.0   0.0
 2.250  895.0 -90  21  30   7.813   0.0   0.0
 2.250  905.0 -90  21  30   1.563   0.0   0.0
 2.250  922.5 -90  21  30 -10.938   0.0   0.0
 2.250  927.5 -90  21  30  -1.563   0.0   0.0
 2.250  930.0 -90  21  30  10.938   0.0   0.0
 2.250  965.0 -90  21  30  -1.563   0.0   0.0
 2.250  975.0 -90  21  30   7.813   0.0   0.0
 2.250  985.0 -90  21  30   7.813   0.0   0.0
 2.250  997.5 -90  21  30   4.688   0.0   0.0
 2.250 1007.5 -90  21  30   4.688   0.0   0.0
 2.250 1025.0 -90  21  30  10.938   0.0   0.0
 2.250 1097.5 -90  21  30  10.938   0.0   0.0
 2.250 1100.0 -90  21  33  10.938   0.0   0.0
 2.250 1102.5 -90  21  33  10.938   0.0   0.0
 2.250 1105.0 -90  21  33   4.688   0.0   0.0
 2.250 1130.0 -90  21  30 -10.938   0.0   0.0
 2.250 1142.5 -90  21  30  -7.813   0.0   0.0
 2.250 1145.0 -90  21  30  -4.688   0.0   0.0
 2.250 1150.0 -90  21  30 -10.938   0.0   0.0
 2.250 1172.5 -90  21  30  -7.813   0.0   0.0
 2.250 1177.5 -90  21  30  -4.688   0.0   0.0
 2.250 1182.5 -90  21  30  -4.688   0.0   0.0
 2.250 1185.0 -90  21  30  -4.688   0.0   0.0
 2.250 1195.0 -90  21  30  10.938   0.0   0.0
 2.250 1202.5 -90  21  30  -4.688   0.0   0.0
 2.250 1205.0 -90  21  30  -4.688   0.0   0.0
 2.250 1222.5 -90  21  30   7.813   0.0   0.0
 2.250 1237.5 -90  21  30   7.813   0.0   0.0
 2.250 1245.0 -90  21  30   4.688   0.0   0.0
 2.250 1255.0 -90  21  30  10.938   0.0   0.0
 2.250 1257.5 -90  21  30  -4.688   0.0   0.0
 2.250 1265.0 -90  21  30  -1.563   0.0   0.0
 2.400  105.0  90  27  36   1.563   0.0   0.0
 2.400  110.0  90  27  36   1.563   0.0   0.0
 2.400  437.5  90  27  36  -7.813   0.0   0.0
 2.450  105.0  90  27  39   1.563   0.0   0.0
 2.450  105.0 -90  21  36  -1.563   0.0   0.0
 2.450  135.0 -90  21  30 -10.938   0.0   0.0
 2.450  137.5 -90  21  30   4.688   0.0   0.0
 2.450  175.0 -90  21  30 -10.938   0.0   0.0
 2.450  180.0 -90  21  30 -10.938   0.0   0.0
 2.450  197.5 -90  21  30   1.563   0.0   0.0
 2.450  202.5 -90  21  30  -1.563   0.0   0.0
 2.450  212.5 -90  21  30  10.938   0.0   0.0
 2.450  242.5 -90  21  30   7.813   0.0   0.0
 2.450  250.0 -90  21  30  10.938   0.0   0.0
 2.450  277.5 -90  21  30   7.813   0.0   0.0
 2.450  300.0 -90  21  30   1.563   0.0   0.0
 2.450  322.5 -90  21  30  -1.563   0.0   0.0
 2.450  327.5 -90  21  30  10.938   0.0   0.0
 2.450  385.0 -90  21  30  -4.688   0.0   0.0
 2.450  387.5 -90  21  30   1.563   0.0   0.0
 2.450  395.0 -90  21  30  -4.688   0.0   0.0
 2.450  437.5 -90  21  33   7.813   0.0   0.0
 2.450  452.5 -90  21  30   4.688   0.0   0.0
 2.450  455.0 -90  21  30   7.813   0.0   0.0
 2.450  480.0 -90  21  30  -4.688   0.0   0.0
 2.450  497.5 -90  21  30  -1.563   0.0   0.0
 2.450  540.0 -90  21  30   7.813   0.0   0.0
 2.450  547.5 -90  21  30  10.938   0.0   0.0
 2.450  582.5 -90  21  30   7.813   0.0   0.0
 2.450  590.0 -90  21  30   4.688   0.0   0.0
 2.450  595.0 -90  21  30  -7.813   0.0   0.0
 2.450  597.5 -90  21  30   7.813   0.0   0.0
 2.450  802.5 -90  21  30   7.813   0.0   0.0
 2.450  805.0 -90  21  30 -10.938   0.0   0.0
 2.450  807.5 -90  21  30  10.938   0.0   0.0
 2.450  810.0 -90  21  30   7.813   0.0   0.0
 2.450  842.5 -90  21  30 -10.938   0.0   0.0
 2.450  882.5 -90  21  30  -1.563   0.0   0.0
 2.450  912.5 -90  21  30 -10.938   0.0   0.0
 2.450  925.0 -90  21  30 -10.938   0.0   0.0
 2.450  932.5 -90  21  30  -4.688   0.0   0.0
 2.450  935.0 -90  21  30 -10.938   0.0   0.0
 2.450  942.5 -90  21  30  10.938   0.0   0.0
 2.450  947.5 -90  21  30   7.813   0.0   0.0
 2.450  952.5 -90  21  30  -4.688   0.0   0.0
 2.450  960.0 -90  21  30 -10.938   0.0   0.0
 2.450  962.5 -90  21  30  -1.563   0.0   0.0
 2.450  977.5 -90  21  30   1.563   0.0   0.0
 2.450  987.5 -90  21  30 -10.938   0.0   0.0
 2.450  997.5 -90  21  30   7.813   0.0   0.0
 2.450 1012.5 -90  21  30   1.563   0.0   0.0
 2.450 1035.0 -90  21  30   7.813   0.0   0.0
 2.450 1052.5 -90  21  30  -7.813   0.0   0.0
 2.450 1090.0 -90  21  30   4.688   0.0   0.0
 2.450 1097.5 -90  21  30   4.688   0.0   0.0
 2.450 1107.5 -90  21  30   1.563   0.0   0.0
 2.450 1112.5 -90  21  30   4.688   0.0   0.0
 2.450 1117.5 -90  21  30  -7.813   0.0   0.0
 2.450 1145.0 -90  21  30 -10.938   0.0   0.0
 2.450 1172.5 -90  21  30  -7.813   0.0   0.0
 2.450 1255.0 -90  21  30   1.563   0.0   0.0
 2.450 1282.5 -90  21  30   4.688   0.0   0.0
 2.500  105.0  90  27  39  -1.563   0.0   0.0
 2.500  107.5  90  27  36  -1.563   0.0   0.0
 2.500  105.0 -90  27  36  -1.563   0.0   0.0
 2.500  107.5 -90  27  36   1.563   0.0   0.0
 2.550  102.5  90  27  36   1.563   0.0   0.0
 2.550  105.0  90  27  42   1.563   0.0   0.0
 2.550  107.5  90  27  39  -1.563   0.0   0.0
 2.550  762.5  90  27  36  -1.563   0.0   0.0
 2.600  105.0  90  27  45  -1.563   0.0   0.0
 2.600  107.5  90  27  48  -1.563   0.0   0.0
 2.650  102.5  90  21  36   1.563   0.0   0.0
 2.650  105.0  90  21  42  -1.563   0.0   0.0
 2.650  107.5  90  21  48  -1.563   0.0   0.0
 2.650  110.0  90  21  33   1.563   0.0   0.0
 2.650  220.0  90  21  30  -7.813   0.0   0.0
 2.650  242.5  90  21  30  10.938   0.0   0.0
 2.650  247.5  90  21  30  10.938   0.0   0.0
 2.650  257.5  90  21  30  -7.813   0.0   0.0
 2.650  260.0  90  21  30  -7.813   0.0   0.0
 2.650  290.0  90  21  30   4.688   0.0   0.0
 2.650  347.5  90  21  30   7.813   0.0   0.0
 2.650  360.0  90  21  30  -7.813   0.0   0.0
 2.650  432.5  90  21  30   4.688   0.0   0.0
 2.650  442.5  90  21  30  -7.813   0.0   0.0
 2.650  450.0  90  21  30 -10.938   0.0   0.0
 2.650  457.5  90  21  30  -4.688   0.0   0.0
 2.650  475.0  90  21  30   7.813   0.0   0.0
 2.650  505.0  90  21  30  -1.563   0.0   0.0
 2.650  612.5  90  21  30  10.938   0.0   0.0
 2.650  627.5  90  21  30  -7.813   0.0   0.0
 2.650  677.5  90  21  30  10.938   0.0   0.0
 2.650  737.5  90  21  30 -10.938   0.0   0.0
 2.650  740.0  90  21  30 -10.938   0.0   0.0
 2.650  757.5  90  21  30   1.563   0.0   0.0
 2.650  760.0  90  21  30   1.563   0.0   0.0
 2.650  762.5  90  21  30 -10.938   0.0   0.0
 2.650  765.0  90  21  30  -7.813   0.0   0.0
 2.650  785.0  90  21  30  10.938   0.0   0.0
 2.650  807.5  90  21  30   7.813   0.0   0.0
 2.650  827.5  90  21  30   4.688   0.0   0.0
 2.650  885.0  90  21  30   7.813   0.0   0.0
 2.650  892.5  90  21  30 -10.938   0.0   0.0
 2.650  905.0  90  21  30  -4.688   0.0   0.0
 2.650  910.0  90  21  30   7.813   0.0   0.0
 2.650  955.0  90  21  30  -7.813   0.0   0.0
 2.650  957.5  90  21  30   1.563   0.0   0.0
 2.650 1020.0  90  21  30  -1.563   0.0   0.0
 2.650 1032.5  90  21  30  10.938   0.0   0.0
 2.650 1047.5  90  21  30   4.688   0.0   0.0
 2.650 1055.0  90  21  30  10.938   0.0   0.0
 2.650 1067.5  90  21  30 -10.938   0.0   0.0
 2.650 1087.5  90  21  30  -1.563   0.0   0.0
 2.650 1092.5  90  21  30  -4.688   0.0   0.0
 2.650 1095.0  90  21  30   4.688   0.0   0.0
 2.650 1117.5  90  21  30  -4.688   0.0   0.0
 2.650 1127.5  90  21  30   1.563   0.0   0.0
 2.650 1235.0  90  21  30  -4.688   0.0   0.0
 2.650 1237.5  90  21  30   4.688   0.0   0.0
 2.650 1262.5  90  21  30  -7.813   0.0   0.0
 2.650   92.5 -90  21  30  -7.813   0.0   0.0
 2.650  105.0 -90  21  30  -1.563   0.0   0.0
 2.650  110.0 -90  21  30   1.563   0.0   0.0
 2.650  122.5 -90  21  30  -1.563   0.0   0.0
 2.650  125.0 -90  21  30  -7.813   0.0   0.0
 2.650  172.5 -90  21  30  10.938   0.0   0.0
 2.650  182.5 -90  21  30   4.688   0.0   0.0
 2.650  192.5 -90  21  30   7.813   0.0   0.0
 2.650  200.0 -90  21  30   4.688   0.0   0.0
 2.650  217.5 -90  21  30   7.813   0.0   0.0
 2.650  322.5 -90  21  30  -7.813   0.0   0.0
 2.650  355.0 -90  21  30 -10.938   0.0   0.0
 2.650  367.5 -90  21  33  -7.813   0.0   0.0
 2.650  405.0 -90  21  30  10.938   0.0   0.0
 2.650  420.0 -90  21  30  -4.688   0.0   0.0
 2.650  422.5 -90  21  30  -1.563   0.0   0.0
 2.650  440.0 -90  21  30   1.563   0.0   0.0
 2.650  472.5 -90  21  30   1.563   0.0   0.0
 2.650  590.0 -90  21  30 -10.938   0.0   0.0
 2.650  595.0 -90  21  30  -7.813   0.0   0.0
 2.650  637.5 -90  21  30   1.563   0.0   0.0
 2.650  695.0 -90  21  30  10.938   0.0   0.0
 2.650  697.5 -90  21  30   1.563   0.0   0.0
 2.650  740.0 -90  21  30  -1.563   0.0   0.0
 2.650  765.0 -90  21  30  -7.813   0.0   0.0
 2.650  790.0 -90  21  30   7.813   0.0   0.0
 2.650  802.5 -90  21  30   7.813   0.0   0.0
 2.650  822.5 -90  21  30  -1.563   0.0   0.0
 2.650  880.0 -90  21  30  -7.813   0.0   0.0
 2.650  915.0 -90  21  30  10.938   0.0   0.0
 2.650  945.0 -90  21  30 -10.938   0.0   0.0
 2.650  947.5 -90  21  30 -10.938   0.0   0.0
 2.650  970.0 -90  21  30 -10.938   0.0   0.0
 2.650  990.0 -90  21  30   4.688   0.0   0.0
 2.650 1000.0 -90  21  30   4.688   0.0   0.0
 2.650 1007.5 -90  21  30  -1.563   0.0   0.0
 2.650 1012.5 -90  21  30  -4.688   0.0   0.0
 2.650 1020.0 -90  21  30  -1.563   0.0   0.0
 2.650 1022.5 -90  21  30  -7.813   0.0   0.0
 2.650 1032.5 -90  21  30  -7.813   0.0   0.0
 2.650 1042.5 -90  21  30  -4.688   0.0   0.0
 2.650 1055.0 -90  21  30   1.563   0.0   0.0
 2.650 1067.5 -90  21  30  -1.563   0.0   0.0
 2.650 1092.5 -90  21  33  10.938   0.0   0.0
 2.650 1097.5 -90  21  30  -1.563   0.0   0.0
 2.650 1127.5 -90  21  30 -10.938   0.0   0.0
 2.650 1142.5 -90  21  30   4.688   0.0   0.0
 2.650 1172.5 -90  21  30 -10.938   0.0   0.0
 2.650 1230.0 -90  21  30  -4.688   0.0   0.0
 2.650 1272.5 -90  21  30   7.813   0.0   0.0
 2.700  102.5  90  21  33  -1.563   0.0   0.0
 2.700  105.0  90  21  45  -1.563   0.0   0.0
 2.700  107.5  90  21  48  -1.563   0.0   0.0
 2.700  110.0  90  21  42  -1.563   0.0   0.0
 2.700  112.5  90  21  33   1.563   0.0   0.0
 2.700  192.5  90  21  30  -7.813   0.0   0.0
 2.700  237.5  90  21  30   7.813   0.0   0.0
 2.700  245.0  90  21  30  10.938   0.0   0.0
 2.700  250.0  90  21  30   4.688   0.0   0.0
 2.700  272.5  90  21  30  -7.813   0.0   0.0
 2.700  295.0  90  21  30   4.688   0.0   0.0
 2.700  305.0  90  21  30  -1.563   0.0   0.0
 2.700  320.0  90  21  30   7.813   0.0   0.0
 2.700  330.0  90  21  30  -7.813   0.0   0.0
 2.700  352.5  90  21  30   4.688   0.0   0.0
 2.700  357.5  90  21  30   7.813   0.0   0.0
 2.700  405.0  90  21  30   7.813   0.0   0.0
 2.700  445.0  90  21  30   1.563   0.0   0.0
 2.700  482.5  90  21  30   4.688   0.0   0.0
 2.700  510.0  90  21  33  -1.563   0.0   0.0
 2.700  520.0  90  21  30  10.938   0.0   0.0
 2.700  525.0  90  21  30   7.813   0.0   0.0
 2.700  527.5  90  21  30   1.563   0.0   0.0
 2.700  537.5  90  21  30  10.938   0.0   0.0
 2.700  567.5  90  21  33   4.688   0.0   0.0
 2.700  577.5  90  21  30  10.938   0.0   0.0
 2.700  595.0  90  21  30  -1.563   0.0   0.0
 2.700  605.0  90  21  30  -1.563   0.0   0.0
 2.700  607.5  90  21  30   4.688   0.0   0.0
 2.700  615.0  90  21  30 -10.938   0.0   0.0
 2.700  620.0  90  21  30 -10.938   0.0   0.0
 2.700  625.0  90  21  30   7.813   0.0   0.0
 2.700  632.5  90  21  30   1.563   0.0   0.0
 2.700  657.5  90  21  30   4.688   0.0   0.0
 2.700  670.0  90  21  30  -7.813   0.0   0.0
 2.700  672.5  90  21  30   1.563   0.0   0.0
 2.700  692.5  90  21  30  10.938   0.0   0.0
 2.700  702.5  90  21  33  -4.688   0.0   0.0
 2.700  722.5  90  21  30   1.563   0.0   0.0
 2.700  762.5  90  21  30  -1.563   0.0   0.0
 2.700  790.0  90  21  30   7.813   0.0   0.0
 2.700  797.5  90  21  30  -4.688   0.0   0.0
 2.700  842.5  90  21  30   4.688   0.0   0.0
 2.700  850.0  90  21  30  -1.563   0.0   0.0
 2.700  860.0  90  21  30  -1.563   0.0   0.0
 2.700  882.5  90  21  30   7.813   0.0   0.0
 2.700  887.5  90  21  30  -4.688   0.0   0.0
 2.700  890.0  90  21  30   4.688   0.0   0.0
 2.700  902.5  90  21  30   7.813   0.0   0.0
 2.700  930.0  90  21  30  -4.688   0.0   0.0
 2.700  970.0  90  21  30   4.688   0.0   0.0
 2.700  980.0  90  21  30   7.813   0.0   0.0
 2.700  985.0  90  21  30 -10.938   0.0   0.0
 2.700 1000.0  90  21  30  -4.688   0.0   0.0
 2.700 1017.5  90  21  30  10.938   0.0   0.0
 2.700 1065.0  90  21  30  -1.563   0.0   0.0
 2.700 1070.0  90  21  30 -10.938   0.0   0.0
 2.700 1092.5  90  21  30  10.938   0.0   0.0
 2.700 1097.5  90  21  30  -1.563   0.0   0.0
 2.700 1117.5  90  21  30  -4.688   0.0   0.0
 2.700 1120.0  90  21  30  -4.688   0.0   0.0
 2.700 1122.5  90  21  30   7.813   0.0   0.0
 2.700 1125.0  90  21  30   4.688   0.0   0.0
 2.700 1130.0  90  21  30 -10.938   0.0   0.0
 2.700 1135.0  90  21  30  -1.563   0.0   0.0
 2.700 1137.5  90  21  30  -4.688   0.0   0.0
 2.700 1160.0  90  21  30   1.563   0.0   0.0
 2.700 1187.5  90  21  30   1.563   0.0   0.0
 2.700 1197.5  90  21  30  10.938   0.0   0.0
 2.700 1205.0  90  21  30  10.938   0.0   0.0
 2.700 1207.5  90  21  30 -10.938   0.0   0.0
 2.700 1217.5  90  21  30  10.938   0.0   0.0
 2.700 1222.5  90  21  30   7.813   0.0   0.0
 2.700 1230.0  90  21  30   1.563   0.0   0.0
 2.700 1232.5  90  21  30   4.688   0.0   0.0
 2.700 1242.5  90  21  30  -7.813   0.0   0.0
 2.700 1260.0  90  21  30   4.688   0.0   0.0
 2.700 1262.5  90  21  33  10.938   0.0   0.0
 2.700 1275.0  90  21  30   1.563   0.0   0.0
 2.700  107.5 -90  27  36  -1.563   0.0   0.0
 2.700  110.0 -90  27  36   1.563   0.0   0.0
 2.750  105.0  90  27  45  -1.563   0.0   0.0
 2.750  107.5  90  27  45  -1.563   0.0   0.0
 2.750  110.0  90  27  45   1.563   0.0   0.0
 2.750  115.0  90  27  36  -1.563   0.0   0.0
 2.800  105.0  90  30  45   1.563   0.0   0.0
 2.800  107.5  90  30  48   1.563   0.0   0.0
 2.800  110.0  90  30  48   1.563   0.0   0.0
 2.800  107.5 -90  27  39  -1.563   0.0   0.0
 2.800  110.0 -90  27  36   1.563   0.0   0.0
 2.850  105.0  90  21  42  -1.563   0.0   0.0
 2.850  107.5  90  21  36  -1.563   0.0   0.0
 2.850  110.0  90  21  30   1.563   0.0   0.0
 2.850  112.5  90  21  36   1.563   0.0   0.0
 2.850  115.0  90  21  33   1.563   0.0   0.0
 2.850  117.5  90  21  33   1.563   0.0   0.0
 2.850  120.0  90  21  39  -1.563   0.0   0.0
 2.850  125.0  90  21  30   4.688   0.0   0.0
 2.850  132.5  90  21  30   1.563   0.0   0.0
 2.850  140.0  90  21  30  -7.813   0.0   0.0
 2.850  152.5  90  21  30  10.938   0.0   0.0
 2.850  157.5  90  21  30   1.563   0.0   0.0
 2.850  160.0  90  21  30   4.688   0.0   0.0
 2.850  192.5  90  21  30  -4.688   0.0   0.0
 2.850  195.0  90  21  30  -1.563   0.0   0.0
 2.850  342.5  90  21  30   4.688   0.0   0.0
 2.850  347.5  90  21  30   7.813   0.0   0.0
 2.850  372.5  90  21  30  10.938   0.0   0.0
 2.850  390.0  90  21  30 -10.938   0.0   0.0
 2.850  412.5  90  21  30   4.688   0.0   0.0
 2.850  492.5  90  21  30   1.563   0.0   0.0
 2.850  502.5  90  21  30  -4.688   0.0   0.0
 2.850  580.0  90  21  30   1.563   0.0   0.0
 2.850  640.0  90  21  30  -4.688   0.0   0.0
 2.850  642.5  90  21  30   1.563   0.0   0.0
 2.850  650.0  90  21  30   4.688   0.0   0.0
 2.850  677.5  90  21  30   1.563   0.0   0.0
 2.850  720.0  90  21  30  -1.563   0.0   0.0
 2.850  787.5  90  21  30   1.563   0.0   0.0
 2.850  805.0  90  21  30 -10.938   0.0   0.0
 2.850  827.5  90  21  30   1.563   0.0   0.0
 2.850  867.5  90  21  30 -10.938   0.0   0.0
 2.850  892.5  90  21  30   1.563   0.0   0.0
 2.850  977.5  90  21  30 -10.938   0.0   0.0
 2.850 1020.0  90  21  30  -4.688   0.0   0.0
 2.850 1070.0  90  21  30  10.938   0.0   0.0
 2.850 1092.5  90  21  30 -10.938   0.0   0.0
 2.850 1120.0  90  21  30  -4.688   0.0   0.0
 2.850 1142.5  90  21  30  10.938   0.0   0.0
 2.850 1155.0  90  21  30   4.688   0.0   0.0
 2.850 1165.0  90  21  30   7.813   0.0   0.0
 2.850 1167.5  90  21  30  10.938   0.0   0.0
 2.850 1180.0  90  21  30   7.813   0.0   0.0
 2.850 1257.5  90  21  30 -10.938   0.0   0.0
 2.850   80.0 -90  21  30  -4.688   0.0   0.0
 2.850   85.0 -90  21  30  -7.813   0.0   0.0
 2.850  102.5 -90  21  30 -10.938   0.0   0.0
 2.850  105.0 -90  21  30   1.563   0.0   0.0
 2.850  107.5 -90  21  33   1.563   0.0   0.0
 2.850  110.0 -90  21  33   1.563   0.0   0.0
 2.850  112.5 -90  21  33  -1.563   0.0   0.0
 2.850  127.5 -90  21  30  -7.813   0.0   0.0
 2.850  197.5 -90  21  30   4.688   0.0   0.0
 2.850  212.5 -90  21  30 -10.938   0.0   0.0
 2.850  255.0 -90  21  30   7.813   0.0   0.0
 2.850  262.5 -90  21  30   4.688   0.0   0.0
 2.850  275.0 -90  21  30   4.688   0.0   0.0
 2.850  287.5 -90  21  30   1.563   0.0   0.0
 2.850  292.5 -90  21  30   1.563   0.0   0.0
 2.850  295.0 -90  21  30   1.563   0.0   0.0
 2.850  300.0 -90  21  30 -10.938   0.0   0.0
 2.850  310.0 -90  21  30  -1.563   0.0   0.0
 2.850  362.5 -90  21  30  10.938   0.0   0.0
 2.850  410.0 -90  21  30  -1.563   0.0   0.0
 2.850  432.5 -90  21  30  -4.688   0.0   0.0
 2.850  437.5 -90  21  30  10.938   0.0   0.0
 2.850  442.5 -90  21  30   1.563   0.0   0.0
 2.850  455.0 -90  21  30  -4.688   0.0   0.0
 2.850  457.5 -90  21  30  -1.563   0.0   0.0
 2.850  477.5 -90  21  30   7.813   0.0   0.0
 2.850  530.0 -90  21  30  -1.563   0.0   0.0
 2.850  640.0 -90  21  30  -4.688   0.0   0.0
 2.850  672.5 -90  21  30  10.938   0.0   0.0
 2.850  757.5 -90  21  30   1.563   0.0   0.0
 2.850  935.0 -90  21  30  -4.688   0.0   0.0
 2.850  950.0 -90  21  30 -10.938   0.0   0.0
 2.850 1015.0 -90  21  30  -1.563   0.0   0.0
 2.850 1035.0 -90  21  30  -4.688   0.0   0.0
 2.850 1052.5 -90  21  30  -4.688   0.0   0.0
 2.850 1057.5 -90  21  30   7.813   0.0   0.0
 2.850 1085.0 -90  21  30 -10.938   0.0   0.0
 2.850 1117.5 -90  21  30   7.813   0.0   0.0
 2.850 1152.5 -90  21  30  -4.688   0.0   0.0
 2.850 1192.5 -90  21  30   4.688   0.0   0.0
 2.900   97.5  90  21  33  -1.563   0.0   0.0
 2.900  100.0  90  21  30   1.563   0.0   0.0
 2.900  105.0  90  21  42   1.563   0.0   0.0
 2.900  107.5  90  21  45   1.563   0.0   0.0
 2.900  110.0  90  21  42  -1.563   0.0   0.0
 2.900  112.5  90  21  33   1.563   0.0   0.0
 2.900  115.0  90  21  36   1.563   0.0   0.0
 2.900  117.5  90  21  30   1.563   0.0   0.0
 2.900  130.0  90  21  30  10.938   0.0   0.0
 2.900  190.0  90  21  30  -7.813   0.0   0.0
 2.900  217.5  90  21  30   1.563   0.0   0.0
 2.900  262.5  90  21  30  -4.688   0.0   0.0
 2.900  267.5  90  21  30   7.813   0.0   0.0
 2.900  277.5  90  21  30  10.938   0.0   0.0
 2.900  295.0  90  21  30   7.813   0.0   0.0
 2.900  315.0  90  21  30  10.938   0.0   0.0
 2.900  320.0  90  21  30  -7.813   0.0   0.0
 2.900  335.0  90  21  30   1.563   0.0   0.0
 2.900  362.5  90  21  30   7.813   0.0   0.0
 2.900  400.0  90  21  30   4.688   0.0   0.0
 2.900  417.5  90  21  30   4.688   0.0   0.0
 2.900  425.0  90  21  30   7.813   0.0   0.0
 2.900  437.5  90  21  30 -10.938   0.0   0.0
 2.900  445.0  90  21  30  -7.813   0.0   0.0
 2.900  477.5  90  21  30  -4.688   0.0   0.0
 2.900  485.0  90  21  30   1.563   0.0   0.0
 2.900  522.5  90  21  30  10.938   0.0   0.0
 2.900  565.0  90  21  30 -10.938   0.0   0.0
 2.900  597.5  90  21  30  -4.688   0.0   0.0
 2.900  600.0  90  21  30 -10.938   0.0   0.0
 2.900  625.0  90  21  30 -10.938   0.0   0.0
 2.900  627.5  90  21  30  10.938   0.0   0.0
 2.900  632.5  90  21  30  10.938   0.0   0.0
 2.900  657.5  90  21  30 -10.938   0.0   0.0
 2.900  662.5  90  21  30  -7.813   0.0   0.0
 2.900  665.0  90  21  30 -10.938   0.0   0.0
 2.900  672.5  90  21  30  -4.688   0.0   0.0
 2.900  677.5  90  21  30  -1.563   0.0   0.0
 2.900  715.0  90  21  30  -4.688   0.0   0.0
 2.900  737.5  90  21  30  -7.813   0.0   0.0
 2.900  760.0  90  21  30  -1.563   0.0   0.0
 2.900  775.0  90  21  30  -7.813   0.0   0.0
 2.900  852.5  90  21  30  10.938   0.0   0.0
 2.900  862.5  90  21  30  -4.688   0.0   0.0
 2.900  867.5  90  21  30 -10.938   0.0   0.0
 2.900  875.0  90  21  30   7.813   0.0   0.0
 2.900  895.0  90  21  30  -7.813   0.0   0.0
 2.900  897.5  90  21  30  -7.813   0.0   0.0
 2.900  912.5  90  21  30   1.563   0.0   0.0
 2.900  915.0  90  21  30   1.563   0.0   0.0
 2.900  930.0  90  21  33   1.563   0.0   0.0
 2.900  932.5  90  21  30 -10.938   0.0   0.0
 2.900  937.5  90  21  30  -4.688   0.0   0.0
 2.900  952.5  90  21  30  -1.563   0.0   0.0
 2.900  990.0  90  21  30   7.813   0.0   0.0
 2.900  995.0  90  21  30 -10.938   0.0   0.0
 2.900 1000.0  90  21  30  -7.813   0.0   0.0
 2.900 1002.5  90  21  30  -4.688   0.0   0.0
 2.900 1010.0  90  21  30  10.938   0.0   0.0
 2.900 1012.5  90  21  30  -4.688   0.0   0.0
 2.900 1020.0  90  21  30   4.688   0.0   0.0
 2.900 1022.5  90  21  30   7.813   0.0   0.0
 2.900 1045.0  90  21  30 -10.938   0.0   0.0
 2.900 1047.5  90  21  30  -7.813   0.0   0.0
 2.900 1077.5  90  21  30  -4.688   0.0   0.0
 2.900 1117.5  90  21  30  -4.688   0.0   0.0
 2.900 1120.0  90  21  30  -1.563   0.0   0.0
 2.900 1125.0  90  21  30   7.813   0.0   0.0
 2.900 1142.5  90  21  30  -4.688   0.0   0.0
 2.900 1192.5  90  21  30   7.813   0.0   0.0
 2.900 1197.5  90  21  30  -4.688   0.0   0.0
 2.900 1200.0  90  21  30  -7.813   0.0   0.0
 2.900 1250.0  90  21  33   1.563   0.0   0.0
 2.900 1262.5  90  21  30   4.688   0.0   0.0
 2.900 1270.0  90  21  30   7.813   0.0   0.0
 2.900   87.5 -90  21  30  -4.688   0.0   0.0
 2.900   95.0 -90  21  30  -1.563   0.0   0.0
 2.900  105.0 -90  21  36   1.563   0.0   0.0
 2.900  107.5 -90  21  33   1.563   0.0   0.0
 2.900  125.0 -90  21  30  -1.563   0.0   0.0
 2.900  135.0 -90  21  33  10.938   0.0   0.0
 2.900  145.0 -90  21  30  -7.813   0.0   0.0
 2.900  282.5 -90  21  30   4.688   0.0   0.0
 2.900  317.5 -90  21  30  10.938   0.0   0.0
 2.900  342.5 -90  21  30 -10.938   0.0   0.0
 2.900  367.5 -90  21  30  -7.813   0.0   0.0
 2.900  415.0 -90  21  30  -7.813   0.0   0.0
 2.900  430.0 -90  21  30  -7.813   0.0   0.0
 2.900  452.5 -90  21  30  -4.688   0.0   0.0
 2.900  497.5 -90  21  30   4.688   0.0   0.0
 2.900  500.0 -90  21  30  -7.813   0.0   0.0
 2.900  562.5 -90  21  30   1.563   0.0   0.0
 2.900  605.0 -90  21  30   7.813   0.0   0.0
 2.900  620.0 -90  21  30   7.813   0.0   0.0
 2.900  655.0 -90  21  30   7.813   0.0   0.0
 2.900  752.5 -90  21  30  10.938   0.0   0.0
 2.900  885.0 -90  21  30  -4.688   0.0   0.0
 2.900  890.0 -90  21  30  10.938   0.0   0.0
 2.900  902.5 -90  21  30  10.938   0.0   0.0
 2.900  977.5 -90  21  30   1.563   0.0   0.0
 2.900  995.0 -90  21  30  -4.688   0.0   0.0
 2.900 1010.0 -90  21  30 -10.938   0.0   0.0
 2.900 1017.5 -90  21  30 -10.938   0.0   0.0
 2.900 1052.5 -90  21  30   1.563   0.0   0.0
 2.900 1060.0 -90  21  30   4.688   0.0   0.0
 2.900 1087.5 -90  21  30  -4.688   0.0   0.0
 2.900 1102.5 -90  21  30  -4.688   0.0   0.0
 2.900 1127.5 -90  21  30  10.938   0.0   0.0
 2.900 1165.0 -90  21  30  -4.688   0.0   0.0
 2.900 1180.0 -90  21  30   4.688   0.0   0.0
 2.900 1182.5 -90  21  30   1.563   0.0   0.0
 2.900 1200.0 -90  21  30  -4.688   0.0   0.0
 2.900 1222.5 -90  21  30 -10.938   0.0   0.0
 2.900 1227.5 -90  21  30   1.563   0.0   0.0
 2.900 1230.0 -90  21  30   7.813   0.0   0.0
 2.900 1272.5 -90  21  30  -7.813   0.0   0.0
 2.950  105.0  90  27  42  -1.563   0.0   0.0
 2.950  107.5  90  27  48  -1.563   0.0   0.0
 2.950  110.0  90  27  39   1.563   0.0   0.0
 2.950  112.5  90  27  39  -1.563   0.0   0.0
 2.950  117.5  90  27  36   1.563   0.0   0.0
 2.950  105.0 -90  27  36   1.563   0.0   0.0
 2.950  107.5 -90  27  42   1.563   0.0   0.0
 3.000  110.0  90  27  42   1.563   0.0   0.0
 3.000  107.5 -90  27  36   1.563   0.0   0.0
 3.050  105.0  90  21  36  -1.563   0.0   0.0
 3.050  107.5  90  21  39  -1.563   0.0   0.0
 3.050  110.0  90  21  48   1.563   0.0   0.0
 3.050  112.5  90  21  39  -1.563   0.0   0.0
 3.050  115.0  90  21  36  -1.563   0.0   0.0
 3.050  117.5  90  21  36  -1.563   0.0   0.0
 3.050  165.0  90  21  33  10.938   0.0   0.0
 3.050  205.0  90  21  30  -1.563   0.0   0.0
 3.050  217.5  90  21  30  10.938   0.0   0.0
 3.050  232.5  90  21  30  -1.563   0.0   0.0
 3.050  240.0  90  21  30   4.688   0.0   0.0
 3.050  245.0  90  21  30   4.688   0.0   0.0
 3.050  257.5  90  21  30   7.813   0.0   0.0
 3.050  295.0  90  21  30  -1.563   0.0   0.0
 3.050  300.0  90  21  30   1.563   0.0   0.0
 3.050  367.5  90  21  30  -4.688   0.0   0.0
 3.050  377.5  90  21  30 -10.938   0.0   0.0
 3.050  417.5  90  21  30  -7.813   0.0   0.0
 3.050  427.5  90  21  30   4.688   0.0   0.0
 3.050  430.0  90  21  30   1.563   0.0   0.0
 3.050  437.5  90  21  33  -1.563   0.0   0.0
 3.050  460.0  90  21  30   4.688   0.0   0.0
 3.050  462.5  90  21  30   7.813   0.0   0.0
 3.050  492.5  90  21  30  -7.813   0.0   0.0
 3.050  507.5  90  21  30  10.938   0.0   0.0
 3.050  515.0  90  21  30  10.938   0.0   0.0
 3.050  567.5  90  21  30   7.813   0.0   0.0
 3.050  587.5  90  21  30   4.688   0.0   0.0
 3.050  607.5  90  21  30   4.688   0.0   0.0
 3.050  640.0  90  21  30  10.938   0.0   0.0
 3.050  670.0  90  21  30  -4.688   0.0   0.0
 3.050  680.0  90  21  30  -4.688   0.0   0.0
 3.050  692.5  90  21  30  -7.813   0.0   0.0
 3.050  707.5  90  21  30 -10.938   0.0   0.0
 3.050  715.0  90  21  30   1.563   0.0   0.0
 3.050  732.5  90  21  33   7.813   0.0   0.0
 3.050  735.0  90  21  30  -7.813   0.0   0.0
 3.050  750.0  90  21  30   4.688   0.0   0.0
 3.050  765.0  90  21  30 -10.938   0.0   0.0
 3.050  767.5  90  21  30  -7.813   0.0   0.0
 3.050  772.5  90  21  30  -4.688   0.0   0.0
 3.050  780.0  90  21  33  10.938   0.0   0.0
 3.050  782.5  90  21  30   4.688   0.0   0.0
 3.050  787.5  90  21  30  10.938   0.0   0.0
 3.050  792.5  90  21  30  -7.813   0.0   0.0
 3.050  797.5  90  21  30   4.688   0.0   0.0
 3.050  812.5  90  21  30   4.688   0.0   0.0
 3.050  815.0  90  21  33  -1.563   0.0   0.0
 3.050  822.5  90  21  33 -10.938   0.0   0.0
 3.050  825.0  90  21  33  -4.688   0.0   0.0
 3.050  835.0  90  21  30  10.938   0.0   0.0
 3.050  842.5  90  21  30   7.813   0.0   0.0
 3.050  857.5  90  21  33  -4.688   0.0   0.0
 3.050  860.0  90  21  33   1.563   0.0   0.0
 3.050  877.5  90  21  30  10.938   0.0   0.0
 3.050  882.5  90  21  30   1.563   0.0   0.0
 3.050  902.5  90  21  30   7.813   0.0   0.0
 3.050  907.5  90  21  30   4.688   0.0   0.0
 3.050  912.5  90  21  30   7.813   0.0   0.0
 3.050  915.0  90  21  30 -10.938   0.0   0.0
 3.050  940.0  90  21  30  -4.688   0.0   0.0
 3.050  952.5  90  21  30   1.563   0.0   0.0
 3.050  965.0  90  21  30   7.813   0.0   0.0
 3.050  985.0  90  21  30  -7.813   0.0   0.0
 3.050  995.0  90  21  30   1.563   0.0   0.0
 3.050 1000.0  90  21  30   4.688   0.0   0.0
 3.050 1007.5  90  21  30   4.688   0.0   0.0
 3.050 1027.5  90  21  30   7.813   0.0   0.0
 3.050 1035.0  90  21  30 -10.938   0.0   0.0
 3.050 1037.5  90  21  30 -10.938   0.0   0.0
 3.050 1092.5  90  21  30 -10.938   0.0   0.0
 3.050 1097.5  90  21  30  -1.563   0.0   0.0
 3.050 1100.0  90  21  30   1.563   0.0   0.0
 3.050 1110.0  90  21  30  -4.688   0.0   0.0
 3.050 1125.0  90  21  33   4.688   0.0   0.0
 3.050 1135.0  90  21  30   4.688   0.0   0.0
 3.050 1160.0  90  21  30  -4.688   0.0   0.0
 3.050 1162.5  90  21  30  -7.813   0.0   0.0
 3.050 1167.5  90  21  30  -4.688   0.0   0.0
 3.050 1185.0  90  21  30   1.563   0.0   0.0
 3.050 1187.5  90  21  30  -4.688   0.0   0.0
 3.050 1195.0  90  21  30   4.688   0.0   0.0
 3.050 1257.5  90  21  30   4.688   0.0   0.0
 3.050 1262.5  90  21  30  -7.813   0.0   0.0
 3.050 1277.5  90  21  30   1.563   0.0   0.0
 3.050 1280.0  90  21  30  10.938   0.0   0.0
 3.050   87.5 -90  21  33  10.938   0.0   0.0
 3.050   95.0 -90  21  30   7.813   0.0   0.0
 3.050  107.5 -90  21  36   1.563   0.0   0.0
 3.050  110.0 -90  21  39  -1.563   0.0   0.0
 3.050  122.5 -90  21  30   1.563   0.0   0.0
 3.050  130.0 -90  21  30   1.563   0.0   0.0
 3.050  175.0 -90  21  33   7.813   0.0   0.0
 3.050  185.0 -90  21  30   7.813   0.0   0.0
 3.050  190.0 -90  21  30  -4.688   0.0   0.0
 3.050  202.5 -90  21  30 -10.938   0.0   0.0
 3.050  217.5 -90  21  30   7.813   0.0   0.0
 3.050  227.5 -90  21  30   7.813   0.0   0.0
 3.050  230.0 -90  21  30  10.938   0.0   0.0
 3.050  232.5 -90  21  30  -7.813   0.0   0.0
 3.050  272.5 -90  21  33   7.813   0.0   0.0
 3.050  277.5 -90  21  30   7.813   0.0   0.0
 3.050  285.0 -90  21  30  -4.688   0.0   0.0
 3.050  292.5 -90  21  30  -4.688   0.0   0.0
 3.050  295.0 -90  21  30  -4.688   0.0   0.0
 3.050  310.0 -90  21  33 -10.938   0.0   0.0
 3.050  315.0 -90  21  30 -10.938   0.0   0.0
 3.050  320.0 -90  21  30  -4.688   0.0   0.0
 3.050  327.5 -90  21  30   4.688   0.0   0.0
 3.050  332.5 -90  21  30  10.938   0.0   0.0
 3.050  337.5 -90  21  30   1.563   0.0   0.0
 3.050  340.0 -90  21  30 -10.938   0.0   0.0
 3.050  360.0 -90  21  30   1.563   0.0   0.0
 3.050  427.5 -90  21  30  -7.813   0.0   0.0
 3.050  455.0 -90  21  30   4.688   0.0   0.0
 3.050  462.5 -90  21  30  10.938   0.0   0.0
 3.050  480.0 -90  21  30   4.688   0.0   0.0
 3.050  502.5 -90  21  30   4.688   0.0   0.0
 3.050  505.0 -90  21  30  -7.813   0.0   0.0
 3.050  512.5 -90  21  30   1.563   0.0   0.0
 3.050  537.5 -90  21  30   7.813   0.0   0.0
 3.050  542.5 -90  21  30  10.938   0.0   0.0
 3.050  545.0 -90  21  30  10.938   0.0   0.0
 3.050  547.5 -90  21  30  10.938   0.0   0.0
 3.050  567.5 -90  21  30  -4.688   0.0   0.0
 3.050  587.5 -90  21  30  -4.688   0.0   0.0
 3.050  602.5 -90  21  30  10.938   0.0   0.0
 3.050  607.5 -90  21  30  -4.688   0.0   0.0
 3.050  657.5 -90  21  30  -4.688   0.0   0.0
 3.050  697.5 -90  21  30   4.688   0.0   0.0
 3.050  702.5 -90  21  30  -1.563   0.0   0.0
 3.050  705.0 -90  21  30   4.688   0.0   0.0
 3.050  710.0 -90  21  30  -7.813   0.0   0.0
 3.050  727.5 -90  21  30  10.938   0.0   0.0
 3.050  737.5 -90  21  30  -1.563   0.0   0.0
 3.050  740.0 -90  21  30  -1.563   0.0   0.0
 3.050  760.0 -90  21  33  -1.563   0.0   0.0
 3.050  775.0 -90  21  30   7.813   0.0   0.0
 3.050  777.5 -90  21  33   7.813   0.0   0.0
 3.050  802.5 -90  21  30   7.813   0.0   0.0
 3.050  805.0 -90  21  33  -1.563   0.0   0.0
 3.050  815.0 -90  21  30  -4.688   0.0   0.0
 3.050  820.0 -90  21  33   4.688   0.0   0.0
 3.050  822.5 -90  21  30  -4.688   0.0   0.0
 3.050  825.0 -90  21  30   1.563   0.0   0.0
 3.050  835.0 -90  21  30  10.938   0.0   0.0
 3.050  840.0 -90  21  30   7.813   0.0   0.0
 3.050  875.0 -90  21  30  -7.813   0.0   0.0
 3.050  882.5 -90  21  30   7.813   0.0   0.0
 3.050  895.0 -90  21  30  10.938   0.0   0.0
 3.050  910.0 -90  21  30   1.563   0.0   0.0
 3.050  912.5 -90  21  30   4.688   0.0   0.0
 3.050  930.0 -90  21  30  -7.813   0.0   0.0
 3.050  937.5 -90  21  30 -10.938   0.0   0.0
 3.050  962.5 -90  21  30 -10.938   0.0   0.0
 3.050  977.5 -90  21  30  -4.688   0.0   0.0
 3.050  987.5 -90  21  30  -1.563   0.0   0.0
 3.050 1005.0 -90  21  30   4.688   0.0   0.0
 3.050 1010.0 -90  21  30   4.688   0.0   0.0
 3.050 1020.0 -90  21  30  -4.688   0.0   0.0
 3.050 1032.5 -90  21  30  -4.688   0.0   0.0
 3.050 1037.5 -90  21  30  -1.563   0.0   0.0
 3.050 1042.5 -90  21  30  10.938   0.0   0.0
 3.050 1045.0 -90  21  30   7.813   0.0   0.0
 3.050 1060.0 -90  21  30  -7.813   0.0   0.0
 3.050 1110.0 -90  21  30   1.563   0.0   0.0
 3.050 1120.0 -90  21  30 -10.938   0.0   0.0
 3.050 1122.5 -90  21  33  -4.688   0.0   0.0
 3.050 1130.0 -90  21  30  -1.563   0.0   0.0
 3.050 1145.0 -90  21  30  10.938   0.0   0.0
 3.050 1147.5 -90  21  30  -7.813   0.0   0.0
 3.050 1160.0 -90  21  30  -4.688   0.0   0.0
 3.050 1172.5 -90  21  30   4.688   0.0   0.0
 3.050 1195.0 -90  21  30  -7.813   0.0   0.0
 3.050 1212.5 -90  21  30   4.688   0.0   0.0
 3.050 1227.5 -90  21  30 -10.938   0.0   0.0
 3.050 1235.0 -90  21  30  10.938   0.0   0.0
 3.050 1250.0 -90  21  30  -4.688   0.0   0.0
 3.100  102.5  90  21  30   1.563   0.0   0.0
 3.100  105.0  90  21  36  -1.563   0.0   0.0
 3.100  107.5  90  21  42   1.563   0.0   0.0
 3.100  110.0  90  21  45   1.563   0.0   0.0
 3.100  112.5  90  21  42   1.563   0.0   0.0
 3.100  115.0  90  21  30  -1.563   0.0   0.0
 3.100  117.5  90  21  39   1.563   0.0   0.0
 3.100  120.0  90  21  30   1.563   0.0   0.0
 3.100  125.0  90  21  30 -10.938   0.0   0.0
 3.100  137.5  90  21  30  -7.813   0.0   0.0
 3.100  162.5  90  21  30   7.813   0.0   0.0
 3.100  180.0  90  21  33 -10.938   0.0   0.0
 3.100  185.0  90  21  30  10.938   0.0   0.0
 3.100  202.5  90  21  30  -4.688   0.0   0.0
 3.100  205.0  90  21  30 -10.938   0.0   0.0
 3.100  212.5  90  21  30  -1.563   0.0   0.0
 3.100  220.0  90  21  30  10.938   0.0   0.0
 3.100  230.0  90  21  30  10.938   0.0   0.0
 3.100  232.5  90  21  33  -7.813   0.0   0.0
 3.100  252.5  90  21  30  -4.688   0.0   0.0
 3.100  257.5  90  21  30   7.813   0.0   0.0
 3.100  260.0  90  21  30   4.688   0.0   0.0
 3.100  270.0  90  21  30   1.563   0.0   0.0
 3.100  272.5  90  21  30 -10.938   0.0   0.0
 3.100  287.5  90  21  30   7.813   0.0   0.0
 3.100  295.0  90  21  30  -4.688   0.0   0.0
 3.100  300.0  90  21  30  10.938   0.0   0.0
 3.100  302.5  90  21  30  -4.688   0.0   0.0
 3.100  325.0  90  21  30  -4.688   0.0   0.0
 3.100  350.0  90  21  30  -1.563   0.0   0.0
 3.100  357.5  90  21  30  -4.688   0.0   0.0
 3.100  360.0  90  21  30  -4.688   0.0   0.0
 3.100  370.0  90  21  30   4.688   0.0   0.0
 3.100  417.5  90  21  30  10.938   0.0   0.0
 3.100  445.0  90  21  30  -7.813   0.0   0.0
 3.100  460.0  90  21  33  -4.688   0.0   0.0
 3.100  462.5  90  21  30   7.813   0.0   0.0
 3.100  487.5  90  21  30  -7.813   0.0   0.0
 3.100  497.5  90  21  30  -7.813   0.0   0.0
 3.100  512.5  90  21  30  10.938   0.0   0.0
 3.100  515.0  90  21  30   7.813   0.0   0.0
 3.100  520.0  90  21  30   7.813   0.0   0.0
 3.100  532.5  90  21  30   1.563   0.0   0.0
 3.100  545.0  90  21  30  -7.813   0.0   0.0
 3.100  560.0  90  21  30  -4.688   0.0   0.0
 3.100  562.5  90  21  30   1.563   0.0   0.0
 3.100  565.0  90  21  30  10.938   0.0   0.0
 3.100  592.5  90  21  30  -4.688   0.0   0.0
 3.100  595.0  90  21  33   1.563   0.0   0.0
 3.100  610.0  90  21  30   1.563   0.0   0.0
 3.100  620.0  90  21  30  -7.813   0.0   0.0
 3.100  647.5  90  21  30  -1.563   0.0   0.0
 3.100  665.0  90  21  30   1.563   0.0   0.0
 3.100  692.5  90  21  30  -1.563   0.0   0.0
 3.100  702.5  90  21  30  -7.813   0.0   0.0
 3.100  705.0  90  21  30  -4.688   0.0   0.0
 3.100  715.0  90  21  30  -1.563   0.0   0.0
 3.100  730.0  90  21  30  -1.563   0.0   0.0
 3.100  740.0  90  21  30   7.813   0.0   0.0
 3.100  747.5  90  21  30   7.813   0.0   0.0
 3.100  762.5  90  21  33   1.563   0.0   0.0
 3.100  765.0  90  21  30  10.938   0.0   0.0
 3.100  770.0  90  21  30   7.813   0.0   0.0
 3.100  777.5  90  21  30  -1.563   0.0   0.0
 3.100  790.0  90  21  30   7.813   0.0   0.0
 3.100  797.5  90  21  30   4.688   0.0   0.0
 3.100  815.0  90  21  30   7.813   0.0   0.0
 3.100  817.5  90  21  30  -4.688   0.0   0.0
 3.100  837.5  90  21  30   7.813   0.0   0.0
 3.100  840.0  90  21  30   7.813   0.0   0.0
 3.100  855.0  90  21  30  -7.813   0.0   0.0
 3.100  882.5  90  21  30 -10.938   0.0   0.0
 3.100  935.0  90  21  30  10.938   0.0   0.0
 3.100  937.5  90  21  30   4.688   0.0   0.0
 3.100  945.0  90  21  30  -7.813   0.0   0.0
 3.100  960.0  90  21  33  -7.813   0.0   0.0
 3.100  977.5  90  21  30   7.813   0.0   0.0
 3.100  987.5  90  21  30 -10.938   0.0   0.0
 3.100  995.0  90  21  30  -7.813   0.0   0.0
 3.100 1017.5  90  21  30   7.813   0.0   0.0
 3.100 1035.0  90  21  30   1.563   0.0   0.0
 3.100 1050.0  90  21  30  10.938   0.0   0.0
 3.100 1055.0  90  21  30  -1.563   0.0   0.0
 3.100 1067.5  90  21  30  -7.813   0.0   0.0
 3.100 1085.0  90  21  30  10.938   0.0   0.0
 3.100 1090.0  90  21  30  10.938   0.0   0.0
 3.100 1125.0  90  21  30  10.938   0.0   0.0
 3.100 1140.0  90  21  30  -1.563   0.0   0.0
 3.100 1172.5  90  21  30   7.813   0.0   0.0
 3.100 1242.5  90  21  30 -10.938   0.0   0.0
 3.100 1245.0  90  21  30  -7.813   0.0   0.0
 3.100 1257.5  90  21  30   1.563   0.0   0.0
 3.100 1265.0  90  21  30   1.563   0.0   0.0
 3.100 1280.0  90  21  30 -10.938   0.0   0.0
 3.100  107.5 -90  21  36  -1.563   0.0   0.0
 3.100  110.0 -90  21  33   1.563   0.0   0.0
 3.100  112.5 -90  21  33   1.563   0.0   0.0
 3.100  117.5 -90  21  33   1.563   0.0   0.0
 3.100  120.0 -90  21  30 -10.938   0.0   0.0
 3.100  132.5 -90  21  30  -1.563   0.0   0.0
 3.100  157.5 -90  21  30  -4.688   0.0   0.0
 3.100  162.5 -90  21  30  -1.563   0.0   0.0
 3.100  192.5 -90  21  30  -7.813   0.0   0.0
 3.100  210.0 -90  21  30  -4.688   0.0   0.0
 3.100  212.5 -90  21  30  -1.563   0.0   0.0
 3.100  215.0 -90  21  30  -7.813   0.0   0.0
 3.100  222.5 -90  21  30  -1.563   0.0   0.0
 3.100  225.0 -90  21  30   1.563   0.0   0.0
 3.100  252.5 -90  21  30  -1.563   0.0   0.0
 3.100  272.5 -90  21  30  -4.688   0.0   0.0
 3.100  295.0 -90  21  30  -4.688   0.0   0.0
 3.100  330.0 -90  21  30 -10.938   0.0   0.0
 3.100  335.0 -90  21  30   7.813   0.0   0.0
 3.100  340.0 -90  21  30   7.813   0.0   0.0
 3.100  360.0 -90  21  30   4.688   0.0   0.0
 3.100  362.5 -90  21  30 -10.938   0.0   0.0
 3.100  375.0 -90  21  30  -1.563   0.0   0.0
 3.100  392.5 -90  21  30   7.813   0.0   0.0
 3.100  395.0 -90  21  30  -4.688   0.0   0.0
 3.100  430.0 -90  21  30  -1.563   0.0   0.0
 3.100  447.5 -90  21  30  -1.563   0.0   0.0
 3.100  470.0 -90  21  30  10.938   0.0   0.0
 3.100  487.5 -90  21  30  -7.813   0.0   0.0
 3.100  507.5 -90  21  30  -7.813   0.0   0.0
 3.100  517.5 -90  21  30   1.563   0.0   0.0
 3.100  522.5 -90  21  30   1.563   0.0   0.0
 3.100  570.0 -90  21  30  -1.563   0.0   0.0
 3.100  585.0 -90  21  30  -1.563   0.0   0.0
 3.100  590.0 -90  21  30  -4.688   0.0   0.0
 3.100  620.0 -90  21  30  10.938   0.0   0.0
 3.100  625.0 -90  21  30  -4.688   0.0   0.0
 3.100  632.5 -90  21  30   4.688   0.0   0.0
 3.100  640.0 -90  21  30  -7.813   0.0   0.0
 3.100  642.5 -90  21  30  -7.813   0.0   0.0
 3.100  690.0 -90  21  30  10.938   0.0   0.0
 3.100  692.5 -90  21  30   4.688   0.0   0.0
 3.100  720.0 -90  21  30  -7.813   0.0   0.0
 3.100  740.0 -90  21  30  10.938   0.0   0.0
 3.100  747.5 -90  21  30   7.813   0.0   0.0
 3.100  785.0 -90  21  30  10.938   0.0   0.0
 3.100  787.5 -90  21  30  10.938   0.0   0.0
 3.100  795.0 -90  21  30  -4.688   0.0   0.0
 3.100  797.5 -90  21  30 -10.938   0.0   0.0
 3.100  805.0 -90  21  30  10.938   0.0   0.0
 3.100  812.5 -90  21  30   1.563   0.0   0.0
 3.100  855.0 -90  21  30 -10.938   0.0   0.0
 3.100  860.0 -90  21  30  -4.688   0.0   0.0
 3.100  882.5 -90  21  30  -7.813   0.0   0.0
 3.100  885.0 -90  21  30  -4.688   0.0   0.0
 3.100  907.5 -90  21  33  10.938   0.0   0.0
 3.100  920.0 -90  21  30   7.813   0.0   0.0
 3.100  965.0 -90  21  30   1.563   0.0   0.0
 3.100  972.5 -90  21  30   7.813   0.0   0.0
 3.100  987.5 -90  21  30  -4.688   0.0   0.0
 3.100 1000.0 -90  21  30   1.563   0.0   0.0
 3.100 1005.0 -90  21  30  -1.563   0.0   0.0
 3.100 1010.0 -90  21  30   4.688   0.0   0.0
 3.100 1067.5 -90  21  30 -10.938   0.0   0.0
 3.100 1077.5 -90  21  30  -4.688   0.0   0.0
 3.100 1102.5 -90  21  30   7.813   0.0   0.0
 3.100 1130.0 -90  21  30   1.563   0.0   0.0
 3.100 1132.5 -90  21  33   1.563   0.0   0.0
 3.100 1140.0 -90  21  30  -7.813   0.0   0.0
 3.100 1160.0 -90  21  30  -7.813   0.0   0.0
 3.100 1162.5 -90  21  30  -4.688   0.0   0.0
 3.100 1172.5 -90  21  30   1.563   0.0   0.0
 3.100 1200.0 -90  21  30 -10.938   0.0   0.0
 3.100 1210.0 -90  21  30  -1.563   0.0   0.0
 3.100 1212.5 -90  21  30  -4.688   0.0   0.0
 3.100 1232.5 -90  21  30  -1.563   0.0   0.0
 3.100 1250.0 -90  21  30  10.938   0.0   0.0
 3.100 1265.0 -90  21  30  -7.813   0.0   0.0
 3.100 1270.0 -90  21  30  -7.813   0.0   0.0
 3.150  110.0  90  21  48   1.563   0.0   0.0
 3.150  112.5  90  21  45   1.563   0.0   0.0
 3.150  117.5  90  21  39   1.563   0.0   0.0
 3.150  122.5  90  21  33  -1.563   0.0   0.0
 3.150  225.0  90  21  30  -1.563   0.0   0.0
 3.150  237.5  90  21  30   1.563   0.0   0.0
 3.150  242.5  90  21  30  -7.813   0.0   0.0
 3.150  255.0  90  21  30  -1.563   0.0   0.0
 3.150  367.5  90  21  30   4.688   0.0   0.0
 3.150  377.5  90  21  30  -7.813   0.0   0.0
 3.150  382.5  90  21  30   7.813   0.0   0.0
 3.150  385.0  90  21  30  -7.813   0.0   0.0
 3.150  417.5  90  21  30  -7.813   0.0   0.0
 3.150  425.0  90  21  30   1.563   0.0   0.0
 3.150  432.5  90  21  30  -7.813   0.0   0.0
 3.150  437.5  90  21  30   4.688   0.0   0.0
 3.150  462.5  90  21  30   4.688   0.0   0.0
 3.150  465.0  90  21  30   7.813   0.0   0.0
 3.150  475.0  90  21  30  -1.563   0.0   0.0
 3.150  497.5  90  21  30  -1.563   0.0   0.0
 3.150  540.0  90  21  30  -4.688   0.0   0.0
 3.150  552.5  90  21  30 -10.938   0.0   0.0
 3.150  575.0  90  21  30  -4.688   0.0   0.0
 3.150  595.0  90  21  30   1.563   0.0   0.0
 3.150  620.0  90  21  30  -4.688   0.0   0.0
 3.150  642.5  90  21  30  -1.563   0.0   0.0
 3.150  700.0  90  21  30  -1.563   0.0   0.0
 3.150  722.5  90  21  33  -1.563   0.0   0.0
 3.150  770.0  90  21  30   7.813   0.0   0.0
 3.150  777.5  90  21  30   4.688   0.0   0.0
 3.150  780.0  90  21  30  10.938   0.0   0.0
 3.150  787.5  90  21  30  -7.813   0.0   0.0
 3.150  792.5  90  21  30   1.563   0.0   0.0
 3.150  810.0  90  21  30   1.563   0.0   0.0
 3.150  840.0  90  21  30  -4.688   0.0   0.0
 3.150  870.0  90  21  30  -1.563   0.0   0.0
 3.150  890.0  90  21  30 -10.938   0.0   0.0
 3.150  915.0  90  21  30  10.938   0.0   0.0
 3.150  917.5  90  21  30  -1.563   0.0   0.0
 3.150  927.5  90  21  30 -10.938   0.0   0.0
 3.150  930.0  90  21  30  -4.688   0.0   0.0
 3.150  960.0  90  21  30  10.938   0.0   0.0
 3.150  980.0  90  21  30  10.938   0.0   0.0
 3.150  992.5  90  21  30   4.688   0.0   0.0
 3.150 1015.0  90  21  30   7.813   0.0   0.0
 3.150 1047.5  90  21  30   1.563   0.0   0.0
 3.150 1082.5  90  21  30   1.563   0.0   0.0
 3.150 1120.0  90  21  30   1.563   0.0   0.0
 3.150 1135.0  90  21  30 -10.938   0.0   0.0
 3.150 1140.0  90  21  30   7.813   0.0   0.0
 3.150 1150.0  90  21  30  -1.563   0.0   0.0
 3.150 1152.5  90  21  30  -4.688   0.0   0.0
 3.150 1197.5  90  21  33  -4.688   0.0   0.0
 3.150 1215.0  90  21  30  -7.813   0.0   0.0
 3.150 1230.0  90  21  30  -4.688   0.0   0.0
 3.150 1235.0  90  21  30   4.688   0.0   0.0
 3.150 1240.0  90  21  30  10.938   0.0   0.0
 3.150 1262.5  90  21  30 -10.938   0.0   0.0
 3.150 1265.0  90  21  30  -1.563   0.0   0.0
 3.150 1270.0  90  21  30  -4.688   0.0   0.0
 3.150   95.0 -90  21  30  -1.563   0.0   0.0
 3.150  110.0 -90  21  39   1.563   0.0   0.0
 3.150  112.5 -90  21  33   1.563   0.0   0.0
 3.150  117.5 -90  21  33  -1.563   0.0   0.0
 3.150  127.5 -90  21  30 -10.938   0.0   0.0
 3.150  130.0 -90  21  30  -1.563   0.0   0.0
 3.150  175.0 -90  21  30   4.688   0.0   0.0
 3.150  235.0 -90  21  30  10.938   0.0   0.0
 3.150  240.0 -90  21  30   1.563   0.0   0.0
 3.150  257.5 -90  21  30 -10.938   0.0   0.0
 3.150  260.0 -90  21  30  10.938   0.0   0.0
 3.150  287.5 -90  21  30  -1.563   0.0   0.0
 3.150  295.0 -90  21  30   1.563   0.0   0.0
 3.150  315.0 -90  21  30   4.688   0.0   0.0
 3.150  317.5 -90  21  30  -7.813   0.0   0.0
 3.150  325.0 -90  21  30   7.813   0.0   0.0
 3.150  350.0 -90  21  30  -7.813   0.0   0.0
 3.150  372.5 -90  21  30  -4.688   0.0   0.0
 3.150  402.5 -90  21  30  10.938   0.0   0.0
 3.150  432.5 -90  21  30  10.938   0.0   0.0
 3.150  435.0 -90  21  30 -10.938   0.0   0.0
 3.150  445.0 -90  21  30   4.688   0.0   0.0
 3.150  460.0 -90  21  30 -10.938   0.0   0.0
 3.150  497.5 -90  21  30  10.938   0.0   0.0
 3.150  507.5 -90  21  30   4.688   0.0   0.0
 3.150  537.5 -90  21  30  -7.813   0.0   0.0
 3.150  542.5 -90  21  30  -7.813   0.0   0.0
 3.150  555.0 -90  21  30  -7.813   0.0   0.0
 3.150  587.5 -90  21  30  -4.688   0.0   0.0
 3.150  592.5 -90  21  30  -1.563   0.0   0.0
 3.150  595.0 -90  21  30  10.938   0.0   0.0
 3.150  607.5 -90  21  30  -4.688   0.0   0.0
 3.150  637.5 -90  21  30   4.688   0.0   0.0
 3.150  662.5 -90  21  30  -7.813   0.0   0.0
 3.150  665.0 -90  21  30   7.813   0.0   0.0
 3.150  675.0 -90  21  30   1.563   0.0   0.0
 3.150  680.0 -90  21  30   4.688   0.0   0.0
 3.150  687.5 -90  21  30  -7.813   0.0   0.0
 3.150  695.0 -90  21  30   1.563   0.0   0.0
 3.150  712.5 -90  21  30  -4.688   0.0   0.0
 3.150  732.5 -90  21  30   7.813   0.0   0.0
 3.150  742.5 -90  21  30 -10.938   0.0   0.0
 3.150  762.5 -90  21  30  -4.688   0.0   0.0
 3.150  765.0 -90  21  30  -4.688   0.0   0.0
 3.150  790.0 -90  21  30 -10.938   0.0   0.0
 3.150  807.5 -90  21  30  -1.563   0.0   0.0
 3.150  812.5 -90  21  30 -10.938   0.0   0.0
 3.150  817.5 -90  21  33 -10.938   0.0   0.0
 3.150  837.5 -90  21  30  10.938   0.0   0.0
 3.150  847.5 -90  21  30  10.938   0.0   0.0
 3.150  877.5 -90  21  30  -4.688   0.0   0.0
 3.150  917.5 -90  21  30  -4.688   0.0   0.0
 3.150  925.0 -90  21  30   7.813   0.0   0.0
 3.150  965.0 -90  21  30   4.688   0.0   0.0
 3.150  975.0 -90  21  30  -4.688   0.0   0.0
 3.150 1007.5 -90  21  30   1.563   0.0   0.0
 3.150 1012.5 -90  21  30 -10.938   0.0   0.0
 3.150 1025.0 -90  21  30   7.813   0.0   0.0
 3.150 1035.0 -90  21  30   1.563   0.0   0.0
 3.150 1052.5 -90  21  30  10.938   0.0   0.0
 3.150 1055.0 -90  21  30   4.688   0.0   0.0
 3.150 1155.0 -90  21  30  10.938   0.0   0.0
 3.150 1165.0 -90  21  30  10.938   0.0   0.0
 3.150 1175.0 -90  21  33 -10.938   0.0   0.0
 3.150 1187.5 -90  21  30   7.813   0.0   0.0
 3.150 1195.0 -90  21  30  -4.688   0.0   0.0
 3.150 1220.0 -90  21  30   7.813   0.0   0.0
 3.150 1250.0 -90  21  30  -1.563   0.0   0.0
 3.150 1257.5 -90  21  30   4.688   0.0   0.0
 3.150 1280.0 -90  21  30   7.813   0.0   0.0
 3.200  107.5  90  27  36  -1.563   0.0   0.0
 3.200  110.0  90  27  51   1.563   0.0   0.0
 3.200  112.5  90  27  39   1.563   0.0   0.0
 3.200  115.0  90  27  36  -1.563   0.0   0.0
 3.200  110.0 -90  27  39  -1.563   0.0   0.0
 3.250  107.5  90  30  45   1.563   0.0   0.0
 3.250  110.0  90  30  48   1.563   0.0   0.0
 3.250  112.5  90  30  48  -1.563   0.0   0.0
 3.250  115.0  90  30  39  -1.563   0.0   0.0
 3.250  107.5 -90  30  39  -1.563   0.0   0.0
 3.300  110.0  90  27  45  -1.563   0.0   0.0
 3.300  112.5  90  27  45  -1.563   0.0   0.0
 3.300  117.5  90  27  39  -1.563   0.0   0.0
 3.300  120.0  90  27  36  -1.563   0.0   0.0
 3.300  675.0  90  27  36  10.938   0.0   0.0
 3.300  110.0 -90  27  36   1.563   0.0   0.0
 3.350  112.5  90  27  39   1.563   0.0   0.0
 3.350  120.0  90  27  39   1.563   0.0   0.0
 3.400  100.0  90  27  36   1.563   0.0   0.0
 3.400  112.5  90  27  36   1.563   0.0   0.0
 3.400  120.0  90  27  36  -1.563   0.0   0.0
 3.400  645.0  90  27  36   7.813   0.0   0.0
 3.450  122.5  90  27  36  -1.563   0.0   0.0
 3.500  105.0  90  27  36   1.563   0.0   0.0
 3.500  112.5  90  27  42   1.563   0.0   0.0
 3.550  112.5  90  27  36  -1.563   0.0   0.0
 3.550  115.0  90  27  42   1.563   0.0   0.0
 3.550  117.5  90  27  39  -1.563   0.0   0.0
 3.550  115.0 -90  27  36   1.563   0.0   0.0
 3.600  115.0  90  30  39   1.563   0.0   0.0
 3.600  117.5  90  30  42   1.563   0.0   0.0
 3.650  117.5  90  27  39  -1.563   0.0   0.0
 3.650  120.0  90  27  42  -1.563   0.0   0.0
 3.700  122.5  90  30  39   1.563   0.0   0.0
 3.750  127.5  90  30  42  -1.563   0.0   0.0
 3.750  130.0  90  30  39  -1.563   0.0   0.0
 3.800  125.0  90  27  42   1.563   0.0   0.0
 3.800  127.5  90  27  45  -1.563   0.0   0.0
 3.800  130.0  90  27  39   1.563   0.0   0.0
 3.850  132.5  90  27  36   1.563   0.0   0.0
 3.950  270.0  90  27  42   1.563   0.0   0.0
 3.950  272.5  90  27  36   1.563   0.0   0.0
 4.000  265.0  90  27  36   1.563   0.0   0.0
 4.000  267.5  90  27  42   1.563   0.0   0.0
 4.000  270.0  90  27  39   1.563   0.0   0.0
 4.000  285.0  90  27  36  -1.563   0.0   0.0
 4.050  267.5  90  27  36   1.563   0.0   0.0
 4.100  265.0  90  27  42   1.563   0.0   0.0
 4.100  270.0  90  27  39   1.563   0.0   0.0
 4.100  275.0  90  27  36   1.563   0.0   0.0
 4.100  277.5  90  27  36   1.563   0.0   0.0
 4.150  265.0  90  27  36   1.563   0.0   0.0
 4.150  267.5  90  27  39   1.563   0.0   0.0
 4.150  270.0  90  27  42   1.563   0.0   0.0
 4.150  265.0 -90  27  36   1.563   0.0   0.0
 4.200  125.0  90  27  36 -10.938   0.0   0.0
 4.200  265.0  90  27  36   1.563   0.0   0.0
 4.200  270.0  90  27  36  -1.563   0.0   0.0
 4.200  277.5  90  27  36   1.563   0.0   0.0
 4.200  280.0  90  27  36  -1.563   0.0   0.0
 4.200  330.0  90  27  36  -1.563   0.0   0.0
 4.200  332.5  90  27  39  -1.563   0.0   0.0
 4.250  110.0  90  27  36  -1.563   0.0   0.0
 4.250  265.0  90  27  45   1.563   0.0   0.0
 4.250  267.5  90  27  42   1.563   0.0   0.0
 4.250  270.0  90  27  42   1.563   0.0   0.0
 4.250  272.5  90  27  36   1.563   0.0   0.0
 4.250  277.5  90  27  36  -1.563   0.0   0.0
 4.250  280.0  90  27  36  -1.563   0.0   0.0
 4.250  327.5  90  27  36  -1.563   0.0   0.0
 4.250  265.0 -90  27  36   1.563   0.0   0.0
 4.300  262.5  90  27  36   1.563   0.0   0.0
 4.300  267.5  90  27  42   1.563   0.0   0.0
 4.300  270.0  90  27  36   1.563   0.0   0.0
 4.300  272.5  90  27  42  -1.563   0.0   0.0
 4.300  277.5  90  27  39  -1.563   0.0   0.0
 4.350  267.5  90  27  39   1.563   0.0   0.0
 4.350  270.0  90  27  45   1.563   0.0   0.0
 4.350  272.5  90  27  45   1.563   0.0   0.0
 4.350  275.0  90  27  39  -1.563   0.0   0.0
 4.350  327.5  90  27  36  -1.563   0.0   0.0
 4.350  330.0  90  27  39  -1.563   0.0   0.0
 4.400  267.5  90  27  39   1.563   0.0   0.0
 4.400  270.0  90  27  42   1.563   0.0   0.0
 4.400  272.5  90  27  48   1.563   0.0   0.0
 4.400  275.0  90  27  36   1.563   0.0   0.0
 4.400  277.5  90  27  36   1.563   0.0   0.0
 4.400  280.0  90  27  39   1.563   0.0   0.0
 4.400  292.5  90  27  39  -1.563   0.0   0.0
 4.400  295.0  90  27  36  -1.563   0.0   0.0
 4.400  330.0  90  27  39  -1.563   0.0   0.0
 4.450  275.0  90  30  39   1.563   0.0   0.0
 4.450  280.0  90  30  42  -1.563   0.0   0.0
 4.450  282.5  90  30  39  -1.563   0.0   0.0
 4.450  285.0  90  30  39  -1.563   0.0   0.0
 4.450  287.5  90  30  39  -1.563   0.0   0.0
 4.450  307.5  90  30  39  -4.688   0.0   0.0
 4.450  327.5  90  30  39  -1.563   0.0   0.0
 4.450  330.0  90  30  45  -1.563   0.0   0.0
 4.500  270.0  90  27  36   1.563   0.0   0.0
 4.500  275.0  90  27  39   1.563   0.0   0.0
 4.500  277.5  90  27  39  -1.563   0.0   0.0
 4.500  282.5  90  27  48  -1.563   0.0   0.0
 4.500  285.0  90  27  36  -1.563   0.0   0.0
 4.500  287.5  90  27  42  -1.563   0.0   0.0
 4.500  292.5  90  27  36  -1.563   0.0   0.0
 4.500  297.5  90  27  36  -1.563   0.0   0.0
 4.500  300.0  90  27  36  -4.688   0.0   0.0
 4.500  305.0  90  27  36  -4.688   0.0   0.0
 4.500  307.5  90  27  36  -4.688   0.0   0.0
 4.500  317.5  90  27  36  -1.563   0.0   0.0
 4.500  330.0  90  27  36  -1.563   0.0   0.0
 4.500  332.5  90  27  36  -1.563   0.0   0.0
 4.500  335.0  90  27  36  -1.563   0.0   0.0
 4.550  270.0  90  27  36   1.563   0.0   0.0
 4.550  272.5  90  27  48   1.563   0.0   0.0
 4.550  275.0  90  27  48   1.563   0.0   0.0
 4.550  277.5  90  27  45   1.563   0.0   0.0
 4.550  282.5  90  27  39   1.563   0.0   0.0
 4.550  285.0  90  27  39   1.563   0.0   0.0
 4.550  287.5  90  27  36  -1.563   0.0   0.0
 4.550  330.0  90  27  42  -1.563   0.0   0.0
 4.600  267.5  90  27  36   1.563   0.0   0.0
 4.600  270.0  90  27  36   1.563   0.0   0.0
 4.600  272.5  90  27  36   1.563   0.0   0.0
 4.600  277.5  90  27  45   1.563   0.0   0.0
 4.600  280.0  90  27  39   1.563   0.0   0.0
 4.600  282.5  90  27  42   1.563   0.0   0.0
 4.600  285.0  90  27  42   1.563   0.0   0.0
 4.600  292.5  90  27  39  -1.563   0.0   0.0
 4.600  305.0  90  27  36  -4.688   0.0   0.0
 4.600  327.5  90  27  36  -1.563   0.0   0.0
 4.600  330.0  90  27  36  -1.563   0.0   0.0
 4.600  332.5  90  27  42  -1.563   0.0   0.0
 4.650  280.0  90  30  45   1.563   0.0   0.0
 4.650  282.5  90  30  42   1.563   0.0   0.0
 4.650  285.0  90  30  42  -1.563   0.0   0.0
 4.650  287.5  90  30  45  -1.563   0.0   0.0
 4.650  290.0  90  30  45  -1.563   0.0   0.0
 4.650  292.5  90  30  42  -1.563   0.0   0.0
 4.650  300.0  90  30  42  -1.563   0.0   0.0
 4.650  332.5  90  30  39  -1.563   0.0   0.0
 4.650  335.0  90  30  42  -1.563   0.0   0.0
 4.700  275.0  90  27  39   1.563   0.0   0.0
 4.700  280.0  90  27  48   1.563   0.0   0.0
 4.700  282.5  90  27  51   1.563   0.0   0.0
 4.700  285.0  90  27  51   1.563   0.0   0.0
 4.700  287.5  90  27  39  -1.563   0.0   0.0
 4.700  292.5  90  27  51  -1.563   0.0   0.0
 4.700  297.5  90  27  36  -1.563   0.0   0.0
 4.700  312.5  90  27  39  -4.688   0.0   0.0
 4.700  320.0  90  27  36  -4.688   0.0   0.0
 4.700  332.5  90  27  36  -1.563   0.0   0.0
 4.700  335.0  90  27  39  -1.563   0.0   0.0
 4.700  337.5  90  27  39  -1.563   0.0   0.0
 4.700  390.0  90  27  36  -4.688   0.0   0.0
 4.750  272.5  90  27  42   1.563   0.0   0.0
 4.750  275.0  90  27  42   1.563   0.0   0.0
 4.750  277.5  90  27  39   1.563   0.0   0.0
 4.750  280.0  90  27  45   1.563   0.0   0.0
 4.750  282.5  90  27  39   1.563   0.0   0.0
 4.750  285.0  90  27  42  -1.563   0.0   0.0
 4.750  287.5  90  27  48   1.563   0.0   0.0
 4.750  290.0  90  27  45   1.563   0.0   0.0
 4.750  292.5  90  27  48  -1.563   0.0   0.0
 4.750  295.0  90  27  42  -1.563   0.0   0.0
 4.750  297.5  90  27  36  -1.563   0.0   0.0
 4.750  300.0  90  27  42  -1.563   0.0   0.0
 4.750  302.5  90  27  42  -1.563   0.0   0.0
 4.750  315.0  90  27  39  -4.688   0.0   0.0
 4.750  317.5  90  27  36  -4.688   0.0   0.0
 4.750  320.0  90  27  42  -4.688   0.0   0.0
 4.800  277.5  90  27  42   1.563   0.0   0.0
 4.800  280.0  90  27  42   1.563   0.0   0.0
 4.800  282.5  90  27  45   1.563   0.0   0.0
 4.800  285.0  90  27  48   1.563   0.0   0.0
 4.800  287.5  90  27  51   1.563   0.0   0.0
 4.800  290.0  90  27  48   1.563   0.0   0.0
 4.800  292.5  90  27  48  -1.563   0.0   0.0
 4.800  295.0  90  27  36  -1.563   0.0   0.0
 4.800  297.5  90  27  42  -1.563   0.0   0.0
 4.800  300.0  90  27  39  -1.563   0.0   0.0
 4.800  307.5  90  27  42  -1.563   0.0   0.0
 4.850  277.5  90  27  45   1.563   0.0   0.0
 4.850  285.0  90  27  45   1.563   0.0   0.0
 4.850  287.5  90  27  48   1.563   0.0   0.0
 4.850  290.0  90  27  42   1.563   0.0   0.0
 4.850  292.5  90  27  54   1.563   0.0   0.0
 4.850  297.5  90  27  42  -1.563   0.0   0.0
 4.850  300.0  90  27  45  -1.563   0.0   0.0
 4.850  120.0 -90  27  36  -1.563   0.0   0.0
 4.900  285.0  90  27  36   1.563   0.0   0.0
 4.900  287.5  90  27  36   1.563   0.0   0.0
 4.900  290.0  90  27  36   1.563   0.0   0.0
 4.900  292.5  90  27  42   1.563   0.0   0.0
 4.900  297.5  90  27  39   1.563   0.0   0.0
 4.900  300.0  90  27  39  -1.563   0.0   0.0
 4.900  302.5  90  27  39  -1.563   0.0   0.0
 4.900  317.5  90  27  36  -1.563   0.0   0.0
 4.950  147.5  90  27  36   1.563   0.0   0.0
 4.950  290.0  90  27  36   1.563   0.0   0.0
 4.950  292.5  90  27  36   1.563   0.0   0.0
 4.950  295.0  90  27  42   1.563   0.0   0.0
 4.950  297.5  90  27  36   1.563   0.0   0.0
 4.950  302.5  90  27  36   1.563   0.0   0.0
 4.950  305.0  90  27  36  -1.563   0.0   0.0
 4.950  307.5  90  27  36  -1.563   0.0   0.0
 4.950  315.0  90  27  36  -1.563   0.0   0.0
 5.000  290.0  90  27  36   1.563   0.0   0.0
 5.000  292.5  90  27  36   1.563   0.0   0.0
 5.000  295.0  90  27  36   1.563   0.0   0.0
 5.000  302.5  90  27  42  -1.563   0.0   0.0
 5.000  305.0  90  27  48   1.563   0.0   0.0
 5.000  307.5  90  27  39  -1.563   0.0   0.0
 5.000  310.0  90  27  36  -1.563   0.0   0.0
 5.000  312.5  90  27  36  -1.563   0.0   0.0
 5.000  322.5  90  27  36  -1.563   0.0   0.0
 5.050  287.5  90  27  39   1.563   0.0   0.0
 5.050  290.0  90  27  39   1.563   0.0   0.0
 5.050  297.5  90  27  36   1.563   0.0   0.0
 5.050  300.0  90  27  39  -1.563   0.0   0.0
 5.050  302.5  90  27  42   1.563   0.0   0.0
 5.050  305.0  90  27  45   1.563   0.0   0.0
 5.050  307.5  90  27  45   1.563   0.0   0.0
 5.050  310.0  90  27  42  -1.563   0.0   0.0
 5.050  312.5  90  27  42  -1.563   0.0   0.0
 5.050  317.5  90  27  36  -1.563   0.0   0.0
 5.050  347.5  90  27  36  -1.563   0.0   0.0
 5.050  697.5 -90  27  36 -10.938   0.0   0.0
 5.100  287.5  90  30  39   1.563   0.0   0.0
 5.100  290.0  90  30  39   1.563   0.0   0.0
 5.100  292.5  90  30  42   1.563   0.0   0.0
 5.100  295.0  90  30  39   1.563   0.0   0.0
 5.100  297.5  90  30  39   1.563   0.0   0.0
 5.100  302.5  90  30  39   1.563   0.0   0.0
 5.100  305.0  90  30  42   1.563   0.0   0.0
 5.100  312.5  90  30  45   1.563   0.0   0.0
 5.100  315.0  90  30  42  -1.563   0.0   0.0
 5.100  317.5  90  30  42   1.563   0.0   0.0
 5.150  292.5  90  27  39   1.563   0.0   0.0
 5.150  295.0  90  27  39   1.563   0.0   0.0
 5.150  297.5  90  27  42   1.563   0.0   0.0
 5.150  300.0  90  27  42   1.563   0.0   0.0
 5.150  302.5  90  27  45   1.563   0.0   0.0
 5.150  305.0  90  27  39   1.563   0.0   0.0
 5.150  307.5  90  27  45   1.563   0.0   0.0
 5.150  310.0  90  27  48   1.563   0.0   0.0
 5.150  312.5  90  27  42   1.563   0.0   0.0
 5.150  315.0  90  27  42   1.563   0.0   0.0
 5.150  317.5  90  27  36   1.563   0.0   0.0
 5.150  320.0  90  27  45   1.563   0.0   0.0
 5.150  322.5  90  27  36  -1.563   0.0   0.0
 5.150  327.5  90  27  36  -1.563   0.0   0.0
 5.150  332.5  90  27  36  -1.563   0.0   0.0
 5.150  337.5  90  27  36  -1.563   0.0   0.0
 5.150  357.5  90  27  36  -1.563   0.0   0.0
 5.150 1272.5  90  27  36  -7.813   0.0   0.0
 5.200  292.5  90  27  42   1.563   0.0   0.0
 5.200  297.5  90  27  36   1.563   0.0   0.0
 5.200  300.0  90  27  36   1.563   0.0   0.0
 5.200  305.0  90  27  36   1.563   0.0   0.0
 5.200  312.5  90  27  48  -1.563   0.0   0.0
 5.200  315.0  90  27  45  -1.563   0.0   0.0
 5.200  317.5  90  27  45   1.563   0.0   0.0
 5.200  320.0  90  27  39  -1.563   0.0   0.0
 5.200  325.0  90  27  36   1.563   0.0   0.0
 5.200  327.5  90  27  39   1.563   0.0   0.0
 5.200  330.0  90  27  39   1.563   0.0   0.0
 5.200  332.5  90  27  36   1.563   0.0   0.0
 5.200  337.5  90  27  36   1.563   0.0   0.0
 5.200  340.0  90  27  39   1.563   0.0   0.0
 5.200  342.5  90  27  42  -1.563   0.0   0.0
 5.250  300.0  90  27  39   1.563   0.0   0.0
 5.250  302.5  90  27  36   1.563   0.0   0.0
 5.250  305.0  90  27  42   1.563   0.0   0.0
 5.250  310.0  90  27  39   1.563   0.0   0.0
 5.250  312.5  90  27  39   1.563   0.0   0.0
 5.250  315.0  90  27  45   1.563   0.0   0.0
 5.250  317.5  90  27  45  -1.563   0.0   0.0
 5.250  320.0  90  27  45  -1.563   0.0   0.0
 5.250  322.5  90  27  48   1.563   0.0   0.0
 5.250  325.0  90  27  42   1.563   0.0   0.0
 5.250  327.5  90  27  42   1.563   0.0   0.0
 5.250  330.0  90  27  48   1.563   0.0   0.0
 5.250  335.0  90  27  45   1.563   0.0   0.0
 5.250  337.5  90  27  36   1.563   0.0   0.0
 5.250  342.5  90  27  36   1.563   0.0   0.0
 5.250  345.0  90  27  36   1.563   0.0   0.0
 5.250  347.5  90  27  39  -1.563   0.0   0.0
 5.250  382.5  90  27  36  -1.563   0.0   0.0
 5.250  387.5  90  27  36  -1.563   0.0   0.0
 5.300  290.0  90  27  39   4.688   0.0   0.0
 5.300  297.5  90  27  39   1.563   0.0   0.0
 5.300  300.0  90  27  42   1.563   0.0   0.0
 5.300  302.5  90  27  45   1.563   0.0   0.0
 5.300  305.0  90  27  39   1.563   0.0   0.0
 5.300  307.5  90  27  36   1.563   0.0   0.0
 5.300  310.0  90  27  36   1.563   0.0   0.0
 5.300  312.5  90  27  42   1.563   0.0   0.0
 5.300  315.0  90  27  48   1.563   0.0   0.0
 5.300  317.5  90  27  42   1.563   0.0   0.0
 5.300  320.0  90  27  36   1.563   0.0   0.0
 5.300  322.5  90  27  45   1.563   0.0   0.0
 5.300  325.0  90  27  42   1.563   0.0   0.0
 5.300  327.5  90  27  39  -1.563   0.0   0.0
 5.300  330.0  90  27  42  -1.563   0.0   0.0
 5.300  332.5  90  27  36  -1.563   0.0   0.0
 5.300  335.0  90  27  36   1.563   0.0   0.0
 5.300  337.5  90  27  42   1.563   0.0   0.0
 5.300  340.0  90  27  48   1.563   0.0   0.0
 5.300  342.5  90  27  36   1.563   0.0   0.0
 5.300  345.0  90  27  45   1.563   0.0   0.0
 5.300  347.5  90  27  45   1.563   0.0   0.0
 5.300  352.5  90  27  39  -1.563   0.0   0.0
 5.300  360.0  90  27  39  -1.563   0.0   0.0
 5.300  367.5  90  27  36  -1.563   0.0   0.0
 5.300  370.0  90  27  39  -1.563   0.0   0.0
 5.300  372.5  90  27  39  -1.563   0.0   0.0
 5.350  302.5  90  27  42   1.563   0.0   0.0
 5.350  307.5  90  27  42   1.563   0.0   0.0
 5.350  310.0  90  27  39   1.563   0.0   0.0
 5.350  312.5  90  27  36   1.563   0.0   0.0
 5.350  322.5  90  27  48   1.563   0.0   0.0
 5.350  325.0  90  27  48   1.563   0.0   0.0
 5.350  327.5  90  27  42   1.563   0.0   0.0
 5.350  330.0  90  27  42   1.563   0.0   0.0
 5.350  332.5  90  27  42   1.563   0.0   0.0
 5.350  335.0  90  27  42   1.563   0.0   0.0
 5.350  337.5  90  27  42  -1.563   0.0   0.0
 5.350  340.0  90  27  36  -1.563   0.0   0.0
 5.350  342.5  90  27  39   1.563   0.0   0.0
 5.350  345.0  90  27  39  -1.563   0.0   0.0
 5.350  347.5  90  27  42   1.563   0.0   0.0
 5.350  350.0  90  27  36   1.563   0.0   0.0
 5.350  352.5  90  27  36   1.563   0.0   0.0
 5.350  357.5  90  27  42   1.563   0.0   0.0
 5.350  365.0  90  27  36  -1.563   0.0   0.0
 5.350  445.0  90  27  36  -1.563   0.0   0.0
 5.400  297.5  90  27  36   4.688   0.0   0.0
 5.400  300.0  90  27  36   1.563   0.0   0.0
 5.400  305.0  90  27  39   1.563   0.0   0.0
 5.400  307.5  90  27  36   1.563   0.0   0.0
 5.400  312.5  90  27  42   1.563   0.0   0.0
 5.400  315.0  90  27  42   1.563   0.0   0.0
 5.400  317.5  90  27  36   1.563   0.0   0.0
 5.400  322.5  90  27  36  -1.563   0.0   0.0
 5.400  325.0  90  27  39   1.563   0.0   0.0
 5.400  327.5  90  27  36   1.563   0.0   0.0
 5.400  330.0  90  27  39   1.563   0.0   0.0
 5.400  332.5  90  27  39   1.563   0.0   0.0
 5.400  340.0  90  27  42   1.563   0.0   0.0
 5.400  342.5  90  27  39   1.563   0.0   0.0
 5.400  350.0  90  27  39   1.563   0.0   0.0
 5.400  352.5  90  27  36   1.563   0.0   0.0
 5.400  355.0  90  27  39   1.563   0.0   0.0
 5.400  360.0  90  27  39   1.563   0.0   0.0
 5.400  362.5  90  27  39   1.563   0.0   0.0
 5.400  365.0  90  27  42   1.563   0.0   0.0
 5.400  367.5  90  27  42   1.563   0.0   0.0
 5.400  387.5  90  27  36   1.563   0.0   0.0
 5.450  302.5  90  27  36   4.688   0.0   0.0
 5.450  310.0  90  27  39   1.563   0.0   0.0
 5.450  312.5  90  27  39   1.563   0.0   0.0
 5.450  317.5  90  27  42   1.563   0.0   0.0
 5.450  320.0  90  27  39   1.563   0.0   0.0
 5.450  322.5  90  27  36   1.563   0.0   0.0
 5.450  325.0  90  27  39   1.563   0.0   0.0
 5.450  327.5  90  27  36   1.563   0.0   0.0
 5.450  332.5  90  27  39   1.563   0.0   0.0
 5.450  375.0  90  27  39  -1.563   0.0   0.0
 5.450  382.5  90  27  36   1.563   0.0   0.0
 5.450  387.5  90  27  36   1.563   0.0   0.0
 5.450  390.0  90  27  36   1.563   0.0   0.0
 5.450  392.5  90  27  39   1.563   0.0   0.0
 5.450  400.0  90  27  39   1.563   0.0   0.0
 5.500  310.0  90  27  39   1.563   0.0   0.0
 5.500  312.5  90  27  36   1.563   0.0   0.0
 5.500  325.0  90  27  36   1.563   0.0   0.0
 5.500  327.5  90  27  36   1.563   0.0   0.0
 5.500  332.5  90  27  36   1.563   0.0   0.0
 5.500  335.0  90  27  36   1.563   0.0   0.0
 5.500  337.5  90  27  39   1.563   0.0   0.0
 5.500  340.0  90  27  36   1.563   0.0   0.0
 5.500  342.5  90  27  36   1.563   0.0   0.0
 5.500  345.0  90  27  36   1.563   0.0   0.0
 5.500  347.5  90  27  36   1.563   0.0   0.0
 5.500  350.0  90  27  36   1.563   0.0   0.0
 5.500  360.0  90  27  36   1.563   0.0   0.0
 5.500  362.5  90  27  36   1.563   0.0   0.0
 5.500  390.0  90  27  36   1.563   0.0   0.0
 5.500  415.0  90  27  36   1.563   0.0   0.0
 5.550  367.5  90  30  39  -1.563   0.0   0.0
 5.600  317.5  90  30  39   1.563   0.0   0.0
 5.600  342.5  90  30  39   1.563   0.0   0.0
 5.600  357.5  90  30  42   1.563   0.0   0.0
 5.600  390.0  90  30  39   1.563   0.0   0.0
 5.600  407.5  90  30  39   1.563   0.0   0.0
 5.600  307.5 -90  30  45   1.563   0.0   0.0
 5.600  315.0 -90  30  39   1.563   0.0   0.0
 5.650  340.0  90  27  36   1.563   0.0   0.0
 5.650  342.5  90  27  36   1.563   0.0   0.0
 5.650  360.0  90  27  36   1.563   0.0   0.0
 5.650  365.0  90  27  36   1.563   0.0   0.0
 5.650  390.0  90  27  36   1.563   0.0   0.0
 5.650  392.5  90  27  36   1.563   0.0   0.0
 5.650  307.5 -90  27  39   1.563   0.0   0.0
 5.650  310.0 -90  27  36   1.563   0.0   0.0
 5.650  312.5 -90  27  36   1.563   0.0   0.0
 5.650  315.0 -90  27  39   1.563   0.0   0.0
 5.650  317.5 -90  27  39   1.563   0.0   0.0
 5.700  340.0  90  27  36   1.563   0.0   0.0
 5.700  357.5  90  27  39   1.563   0.0   0.0
 5.750  347.5  90  27  36   1.563   0.0   0.0
 5.750  370.0  90  27  39   1.563   0.0   0.0
 5.750  400.0  90  27  36   1.563   0.0   0.0
 5.900  312.5 -90  27  36   1.563   0.0   0.0
 5.900  327.5 -90  27  36  -1.563   0.0   0.0
 5.950  400.0  90  27  36   1.563   0.0   0.0
 5.950  330.0 -90  27  36   1.563   0.0   0.0
 5.950  572.5 -90  27  36  -4.688   0.0   0.0
 6.000  320.0 -90  30  39   1.563   0.0   0.0
 6.100  317.5 -90  27  36   1.563   0.0   0.0
 6.100  327.5 -90  27  36   1.563   0.0   0.0
 6.100  335.0 -90  27  36   1.563   0.0   0.0
 6.100  345.0 -90  27  36   1.563   0.0   0.0
 6.100  347.5 -90  27  36  -1.563   0.0   0.0
 6.100  495.0 -90  27  36   1.563   0.0   0.0
 6.150  420.0  90  27  36   4.688   0.0   0.0
 6.150  315.0 -90  30  39   4.688   0.0   0.0
 6.150  330.0 -90  30  39   1.563   0.0   0.0
 6.150  372.5 -90  30  39   1.563   0.0   0.0
 6.150  375.0 -90  30  39   1.563   0.0   0.0
 6.200  330.0 -90  27  36   1.563   0.0   0.0
 6.200  337.5 -90  27  36   1.563   0.0   0.0
 6.200  350.0 -90  27  36   1.563   0.0   0.0
 6.200  355.0 -90  27  39   1.563   0.0   0.0
 6.200  362.5 -90  27  36   1.563   0.0   0.0
 6.250  342.5 -90  30  42   1.563   0.0   0.0
 6.250  345.0 -90  30  45   1.563   0.0   0.0
 6.250  347.5 -90  30  42   1.563   0.0   0.0
 6.250  390.0 -90  30  39   1.563   0.0   0.0
 6.300  347.5 -90  27  39   1.563   0.0   0.0
 6.300  350.0 -90  27  36   4.688   0.0   0.0
 6.300  362.5 -90  27  39   1.563   0.0   0.0
 6.300  397.5 -90  27  36   1.563   0.0   0.0
 6.350  375.0  90  27  36   1.563   0.0   0.0
 6.350  340.0 -90  27  36   1.563   0.0   0.0
 6.350  355.0 -90  27  36   1.563   0.0   0.0
 6.350  365.0 -90  27  39   1.563   0.0   0.0
 6.350  367.5 -90  27  36   1.563   0.0   0.0
 6.350  370.0 -90  27  39   1.563   0.0   0.0
 6.350  372.5 -90  27  42   1.563   0.0   0.0
 6.350  375.0 -90  27  36   4.688   0.0   0.0
 6.350  377.5 -90  27  36  -1.563   0.0   0.0
 6.350  380.0 -90  27  36   1.563   0.0   0.0
 6.350  387.5 -90  27  39   1.563   0.0   0.0
 6.350  392.5 -90  27  36   1.563   0.0   0.0
 6.400  102.5 -90  27  36  -1.563   0.0   0.0
 6.400  360.0 -90  27  36   1.563   0.0   0.0
 6.400  367.5 -90  27  36   1.563   0.0   0.0
 6.400  372.5 -90  27  36   1.563   0.0   0.0
 6.400  375.0 -90  27  39   1.563   0.0   0.0
 6.400  377.5 -90  27  36   1.563   0.0   0.0
 6.400  380.0 -90  27  36   1.563   0.0   0.0
 6.400  382.5 -90  27  39   1.563   0.0   0.0
 6.400  400.0 -90  27  36   4.688   0.0   0.0
 6.450  360.0 -90  27  36   4.688   0.0   0.0
 6.450  375.0 -90  27  36   4.688   0.0   0.0
 6.450  387.5 -90  27  39   1.563   0.0   0.0
 6.450  400.0 -90  27  36   1.563   0.0   0.0
 6.700  285.0 -90  27  36   1.563   0.0   0.0
 6.800  405.0 -90  27  36  -1.563   0.0   0.0
 7.550 1027.5  90  30  39  -7.813   0.0   0.0
 7.550 1042.5  90  30  39   7.813   0.0   0.0
 7.700 1130.0  90  30  39   1.563   0.0   0.0
 7.750 1207.5 -90  30  39  10.938   0.0   0.0
 7.950  392.5  90  30  39   4.688   0.0   0.0
 8.050 1155.0 -90  30  39   7.813   0.0   0.0
 8.200  847.5 -90  30  39  -4.688   0.0   0.0
 8.350 1112.5  90  30  39  -4.688   0.0   0.0
 8.500  645.0 -90  30  39  -1.563   0.0   0.0
